0.05	3.77E-01	8.83E-02	-8.69E-04
0.1	3.77E-01	8.83E-02	-8.69E-04
0.15	4.05E-01	5.94E-02	-8.69E-04
0.2	3.49E-01	8.83E-02	-8.69E-04
0.25	3.21E-01	1.17E-01	-8.69E-04
0.3	3.49E-01	5.94E-02	-8.69E-04
0.35	2.93E-01	8.83E-02	-8.69E-04
0.4	5.18E-01	1.70E-03	-8.69E-04
0.45	3.77E-01	3.06E-02	-8.69E-04
0.5	4.62E-01	1.75E-01	-8.69E-04
0.55	3.77E-01	8.83E-02	-8.69E-04
0.6	4.34E-01	-2.72E-02	-8.69E-04
0.65	3.77E-01	8.83E-02	-8.69E-04
0.7	4.05E-01	5.94E-02	-8.69E-04
0.75	4.05E-01	8.83E-02	4.22E-03
0.8	4.34E-01	5.94E-02	-8.69E-04
0.85	3.77E-01	5.94E-02	-8.69E-04
0.9	4.05E-01	5.94E-02	-8.69E-04
0.95	4.34E-01	1.70E-03	-8.69E-04
1	3.77E-01	1.70E-03	-8.69E-04
1.05	2.93E-01	1.46E-01	-8.69E-04
1.1	3.77E-01	5.94E-02	-8.69E-04
1.15	4.34E-01	3.06E-02	-8.69E-04
1.2	3.77E-01	1.75E-01	-8.69E-04
1.25	4.34E-01	1.17E-01	-8.69E-04
1.3	4.34E-01	3.06E-02	-8.69E-04
1.35	4.34E-01	8.83E-02	-8.69E-04
1.4	4.90E-01	8.83E-02	-8.69E-04
1.45	3.77E-01	8.83E-02	-8.69E-04
1.5	4.05E-01	8.83E-02	-8.69E-04
1.55	4.34E-01	5.94E-02	-8.69E-04
1.6	4.05E-01	8.83E-02	-8.69E-04
1.65	4.34E-01	5.94E-02	-8.69E-04
1.7	4.05E-01	3.06E-02	-8.69E-04
1.75	3.21E-01	5.94E-02	-8.69E-04
1.8	4.34E-01	1.70E-03	-8.69E-04
1.85	3.21E-01	-5.60E-02	-8.69E-04
1.9	3.21E-01	1.70E-03	-8.69E-04
1.95	4.34E-01	1.17E-01	-8.69E-04
2	3.77E-01	8.83E-02	-8.69E-04
2.05	3.21E-01	2.04E-01	-8.69E-04
2.1	4.34E-01	1.70E-03	-8.69E-04
2.15	4.90E-01	5.94E-02	-8.69E-04
2.2	3.49E-01	8.83E-02	-8.69E-04
2.25	3.49E-01	1.46E-01	-8.69E-04
2.3	4.05E-01	8.83E-02	-8.69E-04
2.35	4.62E-01	3.06E-02	-8.69E-04
2.4	3.77E-01	1.70E-03	-8.69E-04
2.45	3.77E-01	-5.60E-02	-8.69E-04
2.5	3.77E-01	-5.60E-02	-8.69E-04
2.55	4.05E-01	-5.60E-02	-8.69E-04
2.6	3.77E-01	8.83E-02	-8.69E-04
2.65	3.77E-01	5.94E-02	-8.69E-04
2.7	2.93E-01	1.75E-01	-8.69E-04
2.75	2.93E-01	1.17E-01	-8.69E-04
2.8	3.21E-01	8.83E-02	-8.69E-04
2.85	4.05E-01	8.83E-02	-8.69E-04
2.9	3.49E-01	3.06E-02	-8.69E-04
2.95	4.05E-01	-2.72E-02	-8.69E-04
3	4.05E-01	1.70E-03	-8.69E-04
3.05	4.05E-01	-1.14E-01	-8.69E-04
3.1	3.21E-01	3.06E-02	-8.69E-04
3.15	4.05E-01	-2.72E-02	-8.69E-04
3.2	4.34E-01	1.70E-03	-8.69E-04
3.25	4.05E-01	1.70E-03	-8.69E-04
3.3	4.34E-01	5.94E-02	-8.69E-04
3.35	4.05E-01	3.06E-02	-8.69E-04
3.4	4.05E-01	3.06E-02	-8.69E-04
3.45	3.49E-01	1.75E-01	-8.69E-04
3.5	3.77E-01	1.17E-01	-8.69E-04
3.55	3.49E-01	2.33E-01	-8.69E-04
3.6	3.77E-01	1.46E-01	-8.69E-04
3.65	3.77E-01	8.83E-02	-8.69E-04
3.7	4.05E-01	1.46E-01	-8.69E-04
3.75	3.77E-01	3.06E-02	-8.69E-04
3.8	4.34E-01	1.17E-01	-8.69E-04
3.85	4.62E-01	1.17E-01	-8.69E-04
3.9	4.34E-01	1.75E-01	-8.69E-04
3.95	4.34E-01	8.83E-02	-8.69E-04
4	3.77E-01	1.17E-01	-8.69E-04
4.05	3.77E-01	1.75E-01	-8.69E-04
4.1	4.05E-01	1.17E-01	-8.69E-04
4.15	2.93E-01	5.94E-02	-8.69E-04
4.2	4.05E-01	5.94E-02	-8.69E-04
4.25	2.93E-01	8.83E-02	-8.69E-04
4.3	3.49E-01	1.17E-01	-8.69E-04
4.35	4.34E-01	-2.72E-02	-8.69E-04
4.4	4.05E-01	1.70E-03	-8.69E-04
4.45	2.93E-01	1.70E-03	-8.69E-04
4.5	4.62E-01	1.17E-01	-8.69E-04
4.55	4.62E-01	1.17E-01	-8.69E-04
4.6	4.34E-01	1.46E-01	-8.69E-04
4.65	4.34E-01	1.46E-01	-8.69E-04
4.7	4.34E-01	2.33E-01	-8.69E-04
4.75	4.62E-01	8.83E-02	-8.69E-04
4.8	4.05E-01	1.75E-01	-8.69E-04
4.85	4.34E-01	1.75E-01	-8.69E-04
4.9	3.21E-01	1.17E-01	-8.69E-04
4.95	4.05E-01	3.06E-02	-8.69E-04
5	3.21E-01	1.46E-01	-8.69E-04
5.05	3.21E-01	1.46E-01	-8.69E-04
5.1	3.77E-01	1.75E-01	-8.69E-04
5.15	4.34E-01	5.94E-02	-8.69E-04
5.2	3.77E-01	2.04E-01	-8.69E-04
5.25	3.77E-01	2.04E-01	-8.69E-04
5.3	4.05E-01	1.17E-01	-8.69E-04
5.35	4.05E-01	8.83E-02	-8.69E-04
5.4	4.90E-01	1.17E-01	-8.69E-04
5.45	4.90E-01	1.75E-01	-8.69E-04
5.5	4.05E-01	1.17E-01	-8.69E-04
5.55	3.49E-01	3.06E-02	-8.69E-04
5.6	4.62E-01	1.17E-01	1.85E+00
5.65	3.21E-01	5.94E-02	4.96E+00
5.7	4.34E-01	8.83E-02	6.62E+00
5.75	2.93E-01	5.94E-02	7.68E+00
5.8	4.34E-01	1.75E-01	8.43E+00
5.85	3.77E-01	1.17E-01	8.68E+00
5.9	4.05E-01	1.75E-01	9.03E+00
5.95	4.90E-01	1.75E-01	8.89E+00
6	4.05E-01	2.04E-01	9.16E+00
6.05	4.34E-01	2.04E-01	9.37E+00
6.1	2.93E-01	2.04E-01	9.36E+00
6.15	3.77E-01	2.04E-01	9.57E+00
6.2	3.49E-01	2.04E-01	9.63E+00
6.25	4.05E-01	2.61E-01	9.79E+00
6.3	4.05E-01	2.90E-01	9.58E+00
6.35	4.34E-01	1.17E-01	9.35E+00
6.4	4.05E-01	2.04E-01	9.37E+00
6.45	3.77E-01	1.46E-01	9.60E+00
6.5	3.21E-01	1.46E-01	9.84E+00
6.55	3.77E-01	1.46E-01	9.61E+00
6.6	2.65E-01	2.04E-01	9.82E+00
6.65	4.34E-01	1.46E-01	9.88E+00
6.7	3.49E-01	8.83E-02	9.68E+00
6.75	3.77E-01	1.70E-03	9.76E+00
6.8	3.77E-01	1.70E-03	9.88E+00
6.85	3.77E-01	1.70E-03	9.87E+00
6.9	2.93E-01	3.06E-02	9.94E+00
6.95	3.77E-01	3.06E-02	1.01E+01
7	4.34E-01	1.70E-03	1.01E+01
7.05	4.05E-01	-1.43E-01	1.01E+01
7.1	3.49E-01	-8.49E-02	9.95E+00
7.15	4.05E-01	-8.49E-02	1.01E+01
7.2	3.77E-01	-1.14E-01	1.02E+01
7.25	3.21E-01	-2.72E-02	1.02E+01
7.3	-2.42E-01	3.06E-02	1.01E+01
7.35	4.80E+00	5.94E-02	1.01E+01
7.4	3.14E+00	1.17E-01	1.01E+01
7.45	3.25E+00	8.83E-02	1.02E+01
7.5	4.82E+00	1.70E-03	1.01E+01
7.55	3.53E+00	5.94E-02	1.01E+01
7.6	4.46E+00	3.06E-02	9.99E+00
7.65	7.33E+00	-5.60E-02	1.02E+01
7.7	4.80E+00	1.17E-01	1.01E+01
7.75	4.15E+00	3.06E-02	1.02E+01
7.8	3.84E+00	5.94E-02	1.01E+01
7.85	6.40E+00	-2.72E-02	1.01E+01
7.9	6.93E+00	-2.72E-02	1.01E+01
7.95	6.93E+00	3.06E-02	1.02E+01
8	8.65E+00	1.70E-03	1.01E+01
8.05	4.43E+00	-2.72E-02	1.00E+01
8.1	5.10E+00	1.17E-01	1.00E+01
8.15	5.70E+00	1.17E-01	1.02E+01
8.2	6.65E+00	-5.60E-02	1.01E+01
8.25	5.19E+00	8.83E-02	1.01E+01
8.3	4.32E+00	2.90E-01	1.01E+01
8.35	7.07E+00	-1.71E-01	1.01E+01
8.4	6.40E+00	-1.43E-01	9.99E+00
8.45	7.27E+00	3.06E-02	1.02E+01
8.5	5.92E+00	-2.72E-02	1.02E+01
8.55	6.09E+00	3.06E-02	1.02E+01
8.6	5.19E+00	5.94E-02	1.02E+01
8.65	5.08E+00	1.99E+00	1.00E+01
8.7	5.13E+00	3.48E-01	1.01E+01
8.75	5.08E+00	3.06E-02	1.02E+01
8.8	5.25E+00	4.35E-01	1.01E+01
8.85	6.79E+00	1.79E+00	1.00E+01
8.9	7.30E+00	7.52E-01	1.00E+01
8.95	5.95E+00	7.23E-01	1.02E+01
9	6.12E+00	8.39E-01	1.01E+01
9.05	6.26E+00	5.79E-01	9.97E+00
9.1	8.59E+00	8.68E-01	1.02E+01
9.15	6.12E+00	4.06E-01	1.02E+01
9.2	7.02E+00	1.24E+00	1.02E+01
9.25	8.82E+00	1.04E+00	1.01E+01
9.3	6.68E+00	6.66E-01	1.01E+01
9.35	6.93E+00	8.10E-01	1.01E+01
9.4	6.85E+00	5.79E-01	1.01E+01
9.45	7.02E+00	1.04E+00	1.01E+01
9.5	6.74E+00	1.56E+00	1.00E+01
9.55	6.40E+00	1.62E+00	9.94E+00
9.6	7.89E+00	2.33E-01	9.91E+00
9.65	5.92E+00	1.30E+00	1.01E+01
9.7	6.34E+00	9.25E-01	1.00E+01
9.75	7.64E+00	1.33E+00	1.01E+01
9.8	6.23E+00	1.73E+00	1.02E+01
9.85	6.54E+00	1.16E+00	1.01E+01
9.9	6.46E+00	2.63E+00	1.01E+01
9.95	6.74E+00	1.85E+00	1.02E+01
10	6.82E+00	2.02E+00	1.02E+01
10.05	7.19E+00	7.81E-01	1.02E+01
10.1	6.96E+00	3.78E+00	1.00E+01
10.15	6.43E+00	2.54E+00	9.88E+00
10.2	6.46E+00	2.54E+00	1.01E+01
10.25	6.29E+00	3.87E+00	9.96E+00
10.3	7.30E+00	1.33E+00	9.91E+00
10.35	6.06E+00	3.15E+00	1.01E+01
10.4	7.05E+00	3.61E+00	1.01E+01
10.45	7.16E+00	5.14E+00	1.02E+01
10.5	7.58E+00	3.70E+00	1.01E+01
10.55	6.62E+00	3.21E+00	1.01E+01
10.6	6.34E+00	4.16E+00	1.02E+01
10.65	6.51E+00	2.80E+00	1.02E+01
10.7	6.88E+00	1.59E+00	1.01E+01
10.75	7.24E+00	2.57E+00	1.01E+01
10.8	7.44E+00	3.58E+00	1.01E+01
10.85	8.31E+00	3.75E+00	1.02E+01
10.9	7.41E+00	3.98E+00	1.01E+01
10.95	6.54E+00	2.97E+00	1.00E+01
11	6.62E+00	3.61E+00	1.00E+01
11.05	7.07E+00	3.06E+00	1.02E+01
11.1	7.44E+00	2.63E+00	1.02E+01
11.15	7.38E+00	1.50E+00	1.01E+01
11.2	7.02E+00	2.97E+00	9.92E+00
11.25	7.22E+00	4.13E+00	1.02E+01
11.3	7.13E+00	2.46E+00	1.01E+01
11.35	7.07E+00	2.34E+00	1.01E+01
11.4	7.83E+00	3.03E+00	1.01E+01
11.45	7.86E+00	1.99E+00	1.01E+01
11.5	7.95E+00	3.15E+00	1.02E+01
11.55	7.53E+00	2.95E+00	1.00E+01
11.6	7.53E+00	4.85E+00	1.02E+01
11.65	7.41E+00	4.24E+00	1.01E+01
11.7	7.67E+00	2.71E+00	1.00E+01
11.75	7.89E+00	3.81E+00	1.02E+01
11.8	7.58E+00	2.89E+00	1.02E+01
11.85	7.95E+00	2.86E+00	1.01E+01
11.9	7.64E+00	3.00E+00	1.02E+01
11.95	7.86E+00	3.21E+00	1.02E+01
12	8.00E+00	2.92E+00	1.02E+01
12.05	7.75E+00	3.21E+00	1.01E+01
12.1	7.47E+00	3.98E+00	1.00E+01
12.15	7.81E+00	3.03E+00	1.02E+01
12.2	7.61E+00	3.29E+00	1.02E+01
12.25	8.03E+00	3.47E+00	1.02E+01
12.3	7.98E+00	3.44E+00	1.01E+01
12.35	7.75E+00	3.41E+00	1.01E+01
12.4	8.23E+00	3.47E+00	1.02E+01
12.45	8.48E+00	2.95E+00	1.02E+01
12.5	8.48E+00	4.04E+00	1.02E+01
12.55	7.98E+00	3.78E+00	1.00E+01
12.6	8.43E+00	4.04E+00	1.01E+01
12.65	8.51E+00	3.98E+00	1.02E+01
12.7	8.90E+00	4.48E+00	1.00E+01
12.75	8.26E+00	4.07E+00	1.01E+01
12.8	8.54E+00	4.13E+00	1.02E+01
12.85	8.57E+00	4.01E+00	1.02E+01
12.9	8.65E+00	4.62E+00	1.01E+01
12.95	8.59E+00	4.48E+00	1.01E+01
13	1.03E+01	4.33E+00	1.02E+01
13.05	8.90E+00	4.53E+00	1.01E+01
13.1	8.59E+00	4.56E+00	9.96E+00
13.15	8.82E+00	4.36E+00	1.01E+01
13.2	8.96E+00	4.91E+00	1.01E+01
13.25	9.35E+00	4.50E+00	1.02E+01
13.3	8.82E+00	4.74E+00	1.01E+01
13.35	9.16E+00	4.97E+00	9.98E+00
13.4	9.35E+00	5.00E+00	1.00E+01
13.45	9.21E+00	5.57E+00	1.00E+01
13.5	9.13E+00	5.23E+00	1.01E+01
13.55	9.44E+00	5.60E+00	1.01E+01
13.6	9.38E+00	5.63E+00	9.87E+00
13.65	9.41E+00	6.09E+00	1.02E+01
13.7	9.33E+00	5.57E+00	1.01E+01
13.75	9.30E+00	5.60E+00	1.01E+01
13.8	9.33E+00	5.77E+00	1.01E+01
13.85	9.66E+00	5.80E+00	1.01E+01
13.9	9.69E+00	6.12E+00	1.00E+01
13.95	9.55E+00	6.01E+00	1.01E+01
14	9.75E+00	6.32E+00	1.01E+01
14.05	9.72E+00	6.09E+00	9.48E+00
14.1	9.64E+00	5.92E+00	1.01E+01
14.15	9.86E+00	5.98E+00	1.00E+01
14.2	1.00E+01	5.83E+00	9.98E+00
14.25	1.01E+01	6.29E+00	1.02E+01
14.3	9.97E+00	6.21E+00	9.97E+00
14.35	9.83E+00	6.35E+00	1.02E+01
14.4	1.02E+01	6.35E+00	1.01E+01
14.45	1.01E+01	6.52E+00	1.01E+01
14.5	1.03E+01	6.55E+00	1.02E+01
14.55	1.03E+01	6.52E+00	1.02E+01
14.6	1.04E+01	6.70E+00	1.02E+01
14.65	1.03E+01	6.99E+00	1.01E+01
14.7	1.01E+01	6.84E+00	1.02E+01
14.75	1.08E+01	7.10E+00	1.01E+01
14.8	1.05E+01	7.19E+00	1.02E+01
14.85	1.04E+01	7.25E+00	1.01E+01
14.9	1.04E+01	7.25E+00	1.01E+01
14.95	1.05E+01	7.36E+00	1.01E+01
15	1.05E+01	7.39E+00	1.02E+01
15.05	1.07E+01	7.16E+00	1.01E+01
15.1	1.05E+01	7.39E+00	1.00E+01
15.15	1.07E+01	7.42E+00	1.01E+01
15.2	1.06E+01	7.30E+00	1.02E+01
15.25	1.06E+01	7.16E+00	1.01E+01
15.3	1.11E+01	7.77E+00	1.02E+01
15.35	1.06E+01	7.97E+00	1.01E+01
15.4	1.10E+01	8.11E+00	9.92E+00
15.45	1.07E+01	8.34E+00	1.02E+01
15.5	1.10E+01	8.57E+00	1.01E+01
15.55	1.08E+01	7.97E+00	1.02E+01
15.6	1.11E+01	7.97E+00	1.02E+01
15.65	1.11E+01	8.11E+00	1.02E+01
15.7	1.09E+01	8.46E+00	1.02E+01
15.75	1.11E+01	8.43E+00	1.02E+01
15.8	1.10E+01	8.60E+00	1.01E+01
15.85	1.10E+01	8.60E+00	1.02E+01
15.9	1.10E+01	8.55E+00	1.01E+01
15.95	1.10E+01	8.34E+00	1.01E+01
16	1.11E+01	8.63E+00	1.01E+01
16.05	1.11E+01	8.60E+00	1.01E+01
16.1	1.10E+01	8.49E+00	1.02E+01
16.15	1.12E+01	8.40E+00	9.91E+00
16.2	1.12E+01	8.55E+00	9.94E+00
16.25	1.13E+01	8.52E+00	1.02E+01
16.3	1.12E+01	8.89E+00	1.02E+01
16.35	1.13E+01	8.40E+00	1.00E+01
16.4	1.13E+01	8.57E+00	1.01E+01
16.45	1.12E+01	8.98E+00	1.01E+01
16.5	1.13E+01	8.69E+00	1.01E+01
16.55	1.15E+01	8.72E+00	9.85E+00
16.6	1.14E+01	8.80E+00	1.01E+01
16.65	1.14E+01	8.95E+00	1.02E+01
16.7	1.14E+01	8.78E+00	1.01E+01
16.75	1.14E+01	9.01E+00	1.02E+01
16.8	1.17E+01	9.12E+00	1.02E+01
16.85	1.15E+01	9.41E+00	1.02E+01
16.9	1.17E+01	9.15E+00	1.02E+01
16.95	1.15E+01	9.21E+00	1.01E+01
17	1.18E+01	9.01E+00	1.02E+01
17.05	1.16E+01	9.06E+00	1.02E+01
17.1	1.17E+01	9.32E+00	1.02E+01
17.15	1.18E+01	9.35E+00	1.02E+01
17.2	1.20E+01	9.47E+00	9.93E+00
17.25	1.18E+01	9.58E+00	1.01E+01
17.3	1.19E+01	9.58E+00	9.92E+00
17.35	1.19E+01	9.56E+00	9.96E+00
17.4	1.18E+01	9.73E+00	1.01E+01
17.45	1.20E+01	9.76E+00	9.84E+00
17.5	1.18E+01	9.90E+00	1.02E+01
17.55	1.19E+01	1.00E+01	9.89E+00
17.6	1.19E+01	9.93E+00	1.02E+01
17.65	1.20E+01	1.01E+01	1.01E+01
17.7	1.20E+01	1.03E+01	9.91E+00
17.75	1.19E+01	1.04E+01	1.02E+01
17.8	1.21E+01	1.04E+01	1.01E+01
17.85	1.21E+01	1.04E+01	1.02E+01
17.9	1.22E+01	1.05E+01	1.02E+01
17.95	1.21E+01	1.06E+01	1.02E+01
18	1.21E+01	1.06E+01	1.02E+01
18.05	1.23E+01	1.08E+01	1.00E+01
18.1	1.23E+01	1.06E+01	1.02E+01
18.15	1.22E+01	1.09E+01	1.01E+01
18.2	1.24E+01	1.10E+01	9.97E+00
18.25	1.23E+01	1.12E+01	1.02E+01
18.3	1.23E+01	1.13E+01	1.01E+01
18.35	1.24E+01	1.14E+01	9.87E+00
18.4	1.23E+01	1.13E+01	1.02E+01
18.45	1.26E+01	1.13E+01	9.91E+00
18.5	1.25E+01	1.13E+01	1.01E+01
18.55	1.29E+01	1.17E+01	1.02E+01
18.6	1.27E+01	1.16E+01	1.03E+01
18.65	1.28E+01	1.17E+01	1.02E+01
18.7	1.27E+01	1.17E+01	1.01E+01
18.75	1.28E+01	1.20E+01	1.00E+01
18.8	1.28E+01	1.19E+01	1.02E+01
18.85	1.28E+01	1.21E+01	1.02E+01
18.9	1.28E+01	1.19E+01	1.01E+01
18.95	1.29E+01	1.20E+01	1.01E+01
19	1.28E+01	1.22E+01	1.01E+01
19.05	1.30E+01	1.23E+01	1.02E+01
19.1	1.29E+01	1.23E+01	1.02E+01
19.15	1.30E+01	1.24E+01	1.01E+01
19.2	1.33E+01	1.25E+01	1.03E+01
19.25	1.30E+01	1.24E+01	9.99E+00
19.3	1.30E+01	1.27E+01	9.96E+00
19.35	1.32E+01	1.26E+01	1.02E+01
19.4	1.32E+01	1.26E+01	1.01E+01
19.45	1.32E+01	1.26E+01	1.02E+01
19.5	1.36E+01	1.28E+01	1.02E+01
19.55	1.32E+01	1.29E+01	1.01E+01
19.6	1.34E+01	1.32E+01	1.02E+01
19.65	1.32E+01	1.32E+01	1.02E+01
19.7	1.35E+01	1.31E+01	1.02E+01
19.75	1.33E+01	1.33E+01	1.01E+01
19.8	1.36E+01	1.35E+01	1.02E+01
19.85	1.34E+01	1.37E+01	1.00E+01
19.9	1.34E+01	1.37E+01	1.02E+01
19.95	1.37E+01	1.39E+01	1.02E+01
20	1.36E+01	1.38E+01	1.02E+01
20.05	1.37E+01	1.40E+01	9.89E+00
20.1	1.38E+01	1.41E+01	1.02E+01
20.15	1.37E+01	1.43E+01	1.02E+01
20.2	1.37E+01	1.43E+01	1.01E+01
20.25	1.39E+01	1.43E+01	1.02E+01
20.3	1.38E+01	1.44E+01	1.02E+01
20.35	1.37E+01	1.44E+01	1.02E+01
20.4	1.37E+01	1.44E+01	1.01E+01
20.45	1.39E+01	1.45E+01	1.01E+01
20.5	1.39E+01	1.46E+01	1.02E+01
20.55	1.39E+01	1.46E+01	1.01E+01
20.6	1.39E+01	1.48E+01	1.01E+01
20.65	1.39E+01	1.49E+01	1.01E+01
20.7	1.40E+01	1.48E+01	9.93E+00
20.75	1.41E+01	1.50E+01	1.02E+01
20.8	1.39E+01	1.51E+01	9.94E+00
20.85	1.42E+01	1.52E+01	1.01E+01
20.9	1.40E+01	1.52E+01	1.02E+01
20.95	1.43E+01	1.53E+01	1.02E+01
21	1.43E+01	1.55E+01	1.01E+01
21.05	1.42E+01	1.55E+01	1.02E+01
21.1	1.42E+01	1.55E+01	9.91E+00
21.15	1.43E+01	1.56E+01	1.01E+01
21.2	1.46E+01	1.57E+01	1.02E+01
21.25	1.45E+01	1.59E+01	1.03E+01
21.3	1.45E+01	1.57E+01	1.02E+01
21.35	1.45E+01	1.58E+01	1.02E+01
21.4	1.44E+01	1.62E+01	1.03E+01
21.45	1.46E+01	1.62E+01	1.00E+01
21.5	1.46E+01	1.62E+01	1.01E+01
21.55	1.45E+01	1.63E+01	1.01E+01
21.6	1.46E+01	1.65E+01	1.02E+01
21.65	1.48E+01	1.65E+01	1.02E+01
21.7	1.47E+01	1.66E+01	1.02E+01
21.75	1.48E+01	1.66E+01	1.02E+01
21.8	1.46E+01	1.68E+01	1.02E+01
21.85	1.48E+01	1.67E+01	1.01E+01
21.9	1.49E+01	1.70E+01	1.02E+01
21.95	1.48E+01	1.69E+01	1.02E+01
22	1.49E+01	1.72E+01	1.01E+01
22.05	1.49E+01	1.74E+01	1.01E+01
22.1	1.50E+01	1.74E+01	1.01E+01
22.15	1.50E+01	1.76E+01	1.02E+01
22.2	1.50E+01	1.76E+01	1.02E+01
22.25	1.49E+01	1.75E+01	1.00E+01
22.3	1.53E+01	1.76E+01	9.96E+00
22.35	1.52E+01	1.78E+01	1.01E+01
22.4	1.52E+01	1.80E+01	1.02E+01
22.45	1.53E+01	1.80E+01	1.02E+01
22.5	1.55E+01	1.79E+01	1.02E+01
22.55	1.55E+01	1.80E+01	1.03E+01
22.6	1.56E+01	1.81E+01	1.02E+01
22.65	1.56E+01	1.83E+01	1.02E+01
22.7	1.55E+01	1.84E+01	1.03E+01
22.75	1.56E+01	1.84E+01	1.01E+01
22.8	1.58E+01	1.84E+01	1.01E+01
22.85	1.56E+01	1.86E+01	1.01E+01
22.9	1.57E+01	1.86E+01	1.00E+01
22.95	1.57E+01	1.87E+01	1.03E+01
23	1.58E+01	1.88E+01	9.99E+00
23.05	1.58E+01	1.87E+01	1.02E+01
23.1	1.59E+01	1.89E+01	1.02E+01
23.15	1.58E+01	1.89E+01	1.02E+01
23.2	1.57E+01	1.92E+01	1.02E+01
23.25	1.58E+01	1.93E+01	1.02E+01
23.3	1.58E+01	1.92E+01	1.01E+01
23.35	1.59E+01	1.92E+01	1.02E+01
23.4	1.60E+01	1.93E+01	1.01E+01
23.45	1.59E+01	1.95E+01	1.02E+01
23.5	1.59E+01	1.95E+01	9.95E+00
23.55	1.61E+01	1.97E+01	1.02E+01
23.6	1.60E+01	1.96E+01	1.02E+01
23.65	1.60E+01	1.99E+01	1.02E+01
23.7	1.61E+01	1.98E+01	1.01E+01
23.75	1.61E+01	1.99E+01	1.01E+01
23.8	1.61E+01	1.99E+01	1.03E+01
23.85	1.62E+01	2.00E+01	1.01E+01
23.9	1.62E+01	2.02E+01	1.02E+01
23.95	1.63E+01	2.01E+01	1.04E+01
24	1.64E+01	2.01E+01	1.02E+01
24.05	1.63E+01	2.02E+01	1.02E+01
24.1	1.64E+01	2.04E+01	1.02E+01
24.15	1.64E+01	2.09E+01	1.00E+01
24.2	1.64E+01	2.10E+01	1.02E+01
24.25	1.65E+01	2.09E+01	9.94E+00
24.3	1.64E+01	2.10E+01	1.02E+01
24.35	1.64E+01	2.10E+01	1.02E+01
24.4	1.66E+01	2.11E+01	1.02E+01
24.45	1.68E+01	2.13E+01	1.01E+01
24.5	1.68E+01	2.14E+01	1.02E+01
24.55	1.68E+01	2.12E+01	1.04E+01
24.6	1.66E+01	2.14E+01	1.02E+01
24.65	1.68E+01	2.17E+01	1.02E+01
24.7	1.67E+01	2.16E+01	1.03E+01
24.75	1.66E+01	2.16E+01	1.03E+01
24.8	1.69E+01	2.18E+01	1.03E+01
24.85	1.70E+01	2.23E+01	1.03E+01
24.9	1.70E+01	2.19E+01	1.01E+01
24.95	1.68E+01	2.19E+01	1.02E+01
25	1.68E+01	2.21E+01	1.02E+01
25.05	1.68E+01	2.20E+01	1.03E+01
25.1	1.68E+01	2.23E+01	1.02E+01
25.15	1.70E+01	2.23E+01	1.03E+01
25.2	1.68E+01	2.25E+01	1.01E+01
25.25	1.70E+01	2.26E+01	1.04E+01
25.3	1.72E+01	2.27E+01	1.01E+01
25.35	1.71E+01	2.27E+01	1.02E+01
25.4	1.69E+01	2.26E+01	1.01E+01
25.45	1.72E+01	2.27E+01	1.02E+01
25.5	1.72E+01	2.28E+01	1.02E+01
25.55	1.71E+01	2.29E+01	1.02E+01
25.6	1.70E+01	2.29E+01	1.02E+01
25.65	1.72E+01	2.30E+01	1.02E+01
25.7	1.72E+01	2.31E+01	1.02E+01
25.75	1.71E+01	2.31E+01	1.02E+01
25.8	1.76E+01	2.34E+01	1.01E+01
25.85	1.73E+01	2.31E+01	1.02E+01
25.9	1.73E+01	2.34E+01	1.02E+01
25.95	1.74E+01	2.37E+01	1.01E+01
26	1.73E+01	2.37E+01	1.03E+01
26.05	1.73E+01	2.37E+01	1.03E+01
26.1	1.72E+01	2.38E+01	1.02E+01
26.15	1.73E+01	2.39E+01	1.03E+01
26.2	1.74E+01	2.39E+01	1.02E+01
26.25	1.74E+01	2.40E+01	8.27E+00
26.3	1.75E+01	2.42E+01	5.92E+00
26.35	1.73E+01	2.44E+01	4.17E+00
26.4	1.74E+01	2.45E+01	2.69E+00
26.45	1.76E+01	2.45E+01	1.77E+00
26.5	1.75E+01	2.47E+01	1.12E+00
26.55	1.75E+01	2.45E+01	5.84E-01
26.6	1.75E+01	2.45E+01	4.22E-03
26.65	1.76E+01	2.46E+01	-8.69E-04
26.7	1.75E+01	2.50E+01	-8.69E-04
26.75	1.74E+01	2.53E+01	-8.69E-04
26.8	1.74E+01	2.52E+01	-8.69E-04
26.85	1.74E+01	2.51E+01	-8.69E-04
26.9	1.73E+01	2.53E+01	-8.69E-04
26.95	1.74E+01	2.53E+01	-5.96E-03
27	1.74E+01	2.54E+01	-8.69E-04
27.05	1.74E+01	2.54E+01	-8.69E-04
27.1	1.73E+01	2.57E+01	-8.69E-04
27.15	1.73E+01	2.59E+01	-8.69E-04
27.2	1.73E+01	2.58E+01	-8.69E-04
27.25	1.73E+01	2.59E+01	-8.69E-04
27.3	1.72E+01	2.59E+01	-8.69E-04
27.35	1.72E+01	2.57E+01	-8.69E-04
27.4	1.71E+01	2.63E+01	-8.69E-04
27.45	1.72E+01	2.63E+01	-8.69E-04
27.5	1.70E+01	2.65E+01	-8.69E-04
27.55	1.71E+01	2.63E+01	-8.69E-04
27.6	1.72E+01	2.60E+01	-8.69E-04
27.65	1.71E+01	2.63E+01	-8.69E-04
27.7	1.70E+01	2.65E+01	-8.69E-04
27.75	1.70E+01	2.63E+01	-8.69E-04
27.8	1.71E+01	2.70E+01	-8.69E-04
27.85	1.70E+01	2.68E+01	-8.69E-04
27.9	1.69E+01	2.69E+01	-8.69E-04
27.95	1.68E+01	2.67E+01	-8.69E-04
28	1.67E+01	2.67E+01	-8.69E-04
28.05	1.68E+01	2.72E+01	-8.69E-04
28.1	1.66E+01	2.71E+01	-8.69E-04
28.15	1.66E+01	2.70E+01	-8.69E-04
28.2	1.64E+01	2.71E+01	-8.69E-04
28.25	1.64E+01	2.72E+01	-8.69E-04
28.3	1.63E+01	2.72E+01	-8.69E-04
28.35	1.62E+01	2.72E+01	-8.69E-04
28.4	1.61E+01	2.78E+01	-8.69E-04
28.45	1.61E+01	2.79E+01	-8.69E-04
28.5	1.61E+01	2.78E+01	-8.69E-04
28.55	1.60E+01	2.77E+01	-8.69E-04
28.6	1.59E+01	2.77E+01	-8.69E-04
28.65	1.58E+01	2.83E+01	-8.69E-04
28.7	1.58E+01	2.77E+01	-8.69E-04
28.75	1.57E+01	2.85E+01	-8.69E-04
28.8	1.57E+01	2.74E+01	-8.69E-04
28.85	1.56E+01	2.81E+01	-8.69E-04
28.9	1.56E+01	2.83E+01	-8.69E-04
28.95	1.55E+01	2.83E+01	-8.69E-04
29	1.55E+01	2.93E+01	-8.69E-04
29.05	1.53E+01	2.90E+01	-8.69E-04
29.1	1.54E+01	2.85E+01	-8.69E-04
29.15	1.54E+01	2.86E+01	-8.69E-04
29.2	1.53E+01	2.85E+01	-8.69E-04
29.25	1.51E+01	2.87E+01	-8.69E-04
29.3	1.51E+01	2.89E+01	-8.69E-04
29.35	1.50E+01	2.93E+01	-8.69E-04
29.4	1.50E+01	2.93E+01	4.22E-03
29.45	1.50E+01	2.91E+01	-8.69E-04
29.5	1.49E+01	2.94E+01	-8.69E-04
29.55	1.48E+01	2.96E+01	-8.69E-04
29.6	1.47E+01	2.98E+01	-8.69E-04
29.65	1.46E+01	2.96E+01	-8.69E-04
29.7	1.46E+01	2.97E+01	-8.69E-04
29.75	1.46E+01	2.94E+01	-8.69E-04
29.8	1.45E+01	3.00E+01	-8.69E-04
29.85	1.44E+01	3.00E+01	-8.69E-04
29.9	1.42E+01	2.99E+01	-8.69E-04
29.95	1.43E+01	2.98E+01	-8.69E-04
30	1.43E+01	3.04E+01	-8.69E-04
30.05	1.42E+01	3.03E+01	-8.69E-04
30.1	1.41E+01	3.06E+01	-8.69E-04
30.15	1.39E+01	3.05E+01	-8.69E-04
30.2	1.39E+01	3.05E+01	-8.69E-04
30.25	1.39E+01	3.07E+01	-8.69E-04
30.3	1.38E+01	3.07E+01	-8.69E-04
30.35	1.37E+01	3.08E+01	-8.69E-04
30.4	1.36E+01	3.09E+01	-8.69E-04
30.45	1.36E+01	3.21E+01	-8.69E-04
30.5	1.35E+01	3.12E+01	-8.69E-04
30.55	1.32E+01	3.11E+01	-8.69E-04
30.6	1.33E+01	3.15E+01	-8.69E-04
30.65	1.33E+01	3.13E+01	-8.69E-04
30.7	1.31E+01	3.13E+01	-8.69E-04
30.75	1.32E+01	3.15E+01	-8.69E-04
30.8	1.30E+01	3.13E+01	-8.69E-04
30.85	1.31E+01	3.16E+01	-8.69E-04
30.9	1.30E+01	3.16E+01	-8.69E-04
30.95	1.28E+01	3.22E+01	-8.69E-04
31	1.28E+01	3.18E+01	-8.69E-04
31.05	1.28E+01	3.21E+01	-8.69E-04
31.1	1.28E+01	3.24E+01	-8.69E-04
31.15	1.26E+01	3.21E+01	-8.69E-04
31.2	1.26E+01	3.19E+01	-8.69E-04
31.25	1.24E+01	3.24E+01	-8.69E-04
31.3	1.25E+01	3.24E+01	-8.69E-04
31.35	1.24E+01	3.23E+01	-8.69E-04
31.4	1.23E+01	3.23E+01	-8.69E-04
31.45	1.21E+01	3.23E+01	-8.69E-04
31.5	1.21E+01	3.24E+01	-8.69E-04
31.55	1.21E+01	3.24E+01	-8.69E-04
31.6	1.21E+01	3.25E+01	-8.69E-04
31.65	1.20E+01	3.26E+01	-8.69E-04
31.7	1.21E+01	3.27E+01	-8.69E-04
31.75	1.20E+01	3.27E+01	-8.69E-04
31.8	1.19E+01	3.26E+01	-8.69E-04
31.85	1.18E+01	3.29E+01	-8.69E-04
31.9	1.18E+01	3.28E+01	-8.69E-04
31.95	1.17E+01	3.29E+01	-8.69E-04
32	1.17E+01	3.30E+01	-8.69E-04
32.05	1.16E+01	3.30E+01	-8.69E-04
32.1	1.15E+01	3.28E+01	-8.69E-04
32.15	1.16E+01	3.29E+01	-8.69E-04
32.2	1.14E+01	3.33E+01	-8.69E-04
32.25	1.13E+01	3.34E+01	-8.69E-04
32.3	1.14E+01	3.34E+01	-8.69E-04
32.35	1.13E+01	3.30E+01	-8.69E-04
32.4	1.12E+01	3.36E+01	-8.69E-04
32.45	1.12E+01	3.35E+01	-8.69E-04
32.5	1.12E+01	3.35E+01	-8.69E-04
32.55	1.11E+01	3.34E+01	-8.69E-04
32.6	1.10E+01	3.37E+01	-8.69E-04
32.65	1.10E+01	3.35E+01	-8.69E-04
32.7	1.09E+01	3.33E+01	-8.69E-04
32.75	1.08E+01	3.34E+01	-8.69E-04
32.8	1.08E+01	3.37E+01	-8.69E-04
32.85	1.08E+01	3.40E+01	-8.69E-04
32.9	1.07E+01	3.37E+01	-8.69E-04
32.95	1.07E+01	3.45E+01	-8.69E-04
33	1.06E+01	3.37E+01	-8.69E-04
33.05	1.05E+01	3.40E+01	-8.69E-04
33.1	1.04E+01	3.37E+01	-8.69E-04
33.15	1.05E+01	3.42E+01	-8.69E-04
33.2	1.04E+01	3.45E+01	-8.69E-04
33.25	1.02E+01	3.39E+01	-8.69E-04
33.3	1.01E+01	3.41E+01	-8.69E-04
33.35	1.02E+01	3.42E+01	-8.69E-04
33.4	1.01E+01	3.43E+01	-8.69E-04
33.45	1.01E+01	3.45E+01	-8.69E-04
33.5	1.00E+01	3.43E+01	-8.69E-04
33.55	9.92E+00	3.43E+01	-8.69E-04
33.6	9.78E+00	3.46E+01	-8.69E-04
33.65	9.69E+00	3.49E+01	-8.69E-04
33.7	9.64E+00	3.45E+01	-8.69E-04
33.75	9.64E+00	3.47E+01	-8.69E-04
33.8	9.52E+00	3.47E+01	-8.69E-04
33.85	9.38E+00	3.49E+01	-8.69E-04
33.9	9.44E+00	3.49E+01	-8.69E-04
33.95	9.24E+00	3.47E+01	-8.69E-04
34	9.30E+00	3.50E+01	-8.69E-04
34.05	9.24E+00	3.48E+01	-8.69E-04
34.1	9.16E+00	3.52E+01	-8.69E-04
34.15	9.10E+00	3.50E+01	-8.69E-04
34.2	9.02E+00	3.53E+01	-8.69E-04
34.25	8.96E+00	3.53E+01	-8.69E-04
34.3	8.90E+00	3.52E+01	-8.69E-04
34.35	8.79E+00	3.55E+01	-8.69E-04
34.4	8.71E+00	3.52E+01	-8.69E-04
34.45	8.62E+00	3.55E+01	-8.69E-04
34.5	8.59E+00	3.55E+01	-8.69E-04
34.55	8.57E+00	3.55E+01	-8.69E-04
34.6	8.48E+00	3.56E+01	-8.69E-04
34.65	8.43E+00	3.56E+01	-8.69E-04
34.7	8.26E+00	3.57E+01	-8.69E-04
34.75	8.28E+00	3.57E+01	-8.69E-04
34.8	8.28E+00	3.58E+01	-8.69E-04
34.85	8.26E+00	3.61E+01	-8.69E-04
34.9	8.12E+00	3.61E+01	-8.69E-04
34.95	8.00E+00	3.62E+01	-8.69E-04
35	7.86E+00	3.63E+01	-8.69E-04
35.05	7.50E+00	3.61E+01	-8.69E-04
35.1	7.41E+00	3.64E+01	-8.69E-04
35.15	7.19E+00	3.64E+01	-8.69E-04
35.2	7.16E+00	3.65E+01	-8.69E-04
35.25	7.19E+00	3.65E+01	-8.69E-04
35.3	7.13E+00	3.68E+01	-8.69E-04
35.35	7.07E+00	3.67E+01	-8.69E-04
35.4	7.07E+00	3.67E+01	-8.69E-04
35.45	7.02E+00	3.67E+01	-8.69E-04
35.5	6.96E+00	3.69E+01	-8.69E-04
35.55	6.91E+00	3.68E+01	-8.69E-04
35.6	6.85E+00	3.69E+01	-8.69E-04
35.65	6.85E+00	3.68E+01	-8.69E-04
35.7	6.74E+00	3.70E+01	-8.69E-04
35.75	6.68E+00	3.71E+01	-8.69E-04
35.8	6.60E+00	3.72E+01	-8.69E-04
35.85	6.62E+00	3.73E+01	-8.69E-04
35.9	6.48E+00	3.74E+01	-8.69E-04
35.95	6.51E+00	3.73E+01	-8.69E-04
36	6.40E+00	3.73E+01	-8.69E-04
36.05	6.37E+00	3.75E+01	-8.69E-04
36.1	6.29E+00	3.75E+01	-8.69E-04
36.15	6.34E+00	3.77E+01	-8.69E-04
36.2	6.23E+00	3.78E+01	-8.69E-04
36.25	6.06E+00	3.76E+01	-8.69E-04
36.3	6.12E+00	3.79E+01	-8.69E-04
36.35	6.03E+00	3.81E+01	-8.69E-04
36.4	6.01E+00	3.78E+01	-8.69E-04
36.45	6.06E+00	3.81E+01	-8.69E-04
36.5	5.81E+00	3.80E+01	-8.69E-04
36.55	5.92E+00	3.80E+01	-8.69E-04
36.6	5.70E+00	3.80E+01	-8.69E-04
36.65	5.78E+00	3.81E+01	-8.69E-04
36.7	5.70E+00	3.82E+01	-8.69E-04
36.75	5.75E+00	3.86E+01	-8.69E-04
36.8	5.67E+00	3.86E+01	-8.69E-04
36.85	5.58E+00	3.88E+01	-8.69E-04
36.9	5.58E+00	3.88E+01	-8.69E-04
36.95	5.53E+00	3.88E+01	-8.69E-04
37	5.47E+00	3.88E+01	-8.69E-04
37.05	5.47E+00	3.89E+01	-8.69E-04
37.1	5.36E+00	3.88E+01	-8.69E-04
37.15	5.19E+00	3.88E+01	-8.69E-04
37.2	5.25E+00	3.90E+01	-8.69E-04
37.25	5.19E+00	3.88E+01	-8.69E-04
37.3	5.22E+00	3.88E+01	-8.69E-04
37.35	5.13E+00	3.90E+01	-8.69E-04
37.4	5.10E+00	3.89E+01	-8.69E-04
37.45	5.08E+00	3.90E+01	-8.69E-04
37.5	5.05E+00	3.89E+01	-8.69E-04
37.55	4.96E+00	3.91E+01	-8.69E-04
37.6	4.74E+00	3.90E+01	-8.69E-04
37.65	4.80E+00	3.93E+01	-8.69E-04
37.7	4.80E+00	3.93E+01	-8.69E-04
37.75	4.68E+00	3.93E+01	-8.69E-04
37.8	4.71E+00	3.93E+01	-8.69E-04
37.85	4.71E+00	3.93E+01	-8.69E-04
37.9	4.63E+00	3.93E+01	-8.69E-04
37.95	4.60E+00	3.92E+01	-8.69E-04
38	4.49E+00	3.95E+01	-8.69E-04
38.05	4.54E+00	3.94E+01	-8.69E-04
38.1	4.49E+00	3.96E+01	-8.69E-04
38.15	4.29E+00	3.97E+01	-8.69E-04
38.2	4.37E+00	3.96E+01	-8.69E-04
38.25	4.35E+00	3.97E+01	-8.69E-04
38.3	4.32E+00	3.98E+01	-8.69E-04
38.35	4.20E+00	3.97E+01	-8.69E-04
38.4	4.20E+00	3.95E+01	-8.69E-04
38.45	4.06E+00	3.98E+01	-8.69E-04
38.5	4.06E+00	3.97E+01	-8.69E-04
38.55	4.04E+00	3.98E+01	-8.69E-04
38.6	3.95E+00	3.99E+01	-8.69E-04
38.65	3.92E+00	4.00E+01	-8.69E-04
38.7	3.89E+00	4.00E+01	-8.69E-04
38.75	3.78E+00	4.00E+01	-8.69E-04
38.8	3.78E+00	3.99E+01	-8.69E-04
38.85	3.78E+00	4.01E+01	-8.69E-04
38.9	3.75E+00	4.01E+01	-8.69E-04
38.95	3.70E+00	4.00E+01	-8.69E-04
39	3.67E+00	4.00E+01	-8.69E-04
39.05	3.64E+00	4.01E+01	-8.69E-04
39.1	3.50E+00	4.00E+01	-8.69E-04
39.15	3.47E+00	4.02E+01	-8.69E-04
39.2	3.44E+00	4.02E+01	-8.69E-04
39.25	3.36E+00	4.02E+01	-8.69E-04
39.3	3.33E+00	4.01E+01	-8.69E-04
39.35	3.39E+00	4.03E+01	-8.69E-04
39.4	3.36E+00	4.05E+01	-8.69E-04
39.45	3.16E+00	4.06E+01	-8.69E-04
39.5	3.22E+00	4.04E+01	-8.69E-04
39.55	3.16E+00	4.04E+01	-8.69E-04
39.6	3.22E+00	4.04E+01	-8.69E-04
39.65	3.08E+00	4.04E+01	-8.69E-04
39.7	3.02E+00	4.04E+01	-8.69E-04
39.75	3.11E+00	4.05E+01	-8.69E-04
39.8	2.99E+00	4.05E+01	-8.69E-04
39.85	2.97E+00	4.06E+01	-8.69E-04
39.9	2.94E+00	4.06E+01	-8.69E-04
39.95	2.94E+00	4.07E+01	-8.69E-04
40	2.91E+00	4.06E+01	-8.69E-04
40.05	2.80E+00	4.07E+01	-8.69E-04
40.1	2.80E+00	4.07E+01	-8.69E-04
40.15	2.83E+00	4.07E+01	-8.69E-04
40.2	2.60E+00	4.08E+01	-8.69E-04
40.25	2.54E+00	4.09E+01	-8.69E-04
40.3	2.57E+00	4.10E+01	-8.69E-04
40.35	2.52E+00	4.08E+01	-8.69E-04
40.4	2.57E+00	4.09E+01	-8.69E-04
40.45	2.57E+00	4.10E+01	-8.69E-04
40.5	2.49E+00	4.08E+01	-8.69E-04
40.55	2.43E+00	4.10E+01	-8.69E-04
40.6	2.38E+00	4.10E+01	-8.69E-04
40.65	2.43E+00	4.10E+01	-8.69E-04
40.7	2.38E+00	4.09E+01	-8.69E-04
40.75	2.35E+00	4.09E+01	-8.69E-04
40.8	2.23E+00	4.10E+01	-8.69E-04
40.85	2.18E+00	4.12E+01	-8.69E-04
40.9	2.18E+00	4.12E+01	-8.69E-04
40.95	2.21E+00	4.11E+01	-8.69E-04
41	2.07E+00	4.11E+01	-8.69E-04
41.05	2.12E+00	4.12E+01	-8.69E-04
41.1	2.04E+00	4.12E+01	-8.69E-04
41.15	2.04E+00	4.12E+01	-8.69E-04
41.2	1.90E+00	4.13E+01	-8.69E-04
41.25	1.93E+00	4.12E+01	-8.69E-04
41.3	1.98E+00	4.13E+01	-8.69E-04
41.35	1.98E+00	4.13E+01	-8.69E-04
41.4	1.45E+00	4.14E+01	-8.69E-04
41.45	1.62E+00	4.15E+01	-8.69E-04
41.5	1.36E+00	4.15E+01	-8.69E-04
41.55	1.45E+00	4.14E+01	-8.69E-04
41.6	1.45E+00	4.14E+01	-8.69E-04
41.65	1.39E+00	4.15E+01	-8.69E-04
41.7	1.39E+00	4.16E+01	-8.69E-04
41.75	1.33E+00	4.15E+01	-8.69E-04
41.8	1.22E+00	4.16E+01	-8.69E-04
41.85	1.25E+00	4.19E+01	-8.69E-04
41.9	1.22E+00	4.18E+01	-8.69E-04
41.95	1.22E+00	4.18E+01	-8.69E-04
42	1.17E+00	4.18E+01	-8.69E-04
42.05	1.17E+00	4.19E+01	-8.69E-04
42.1	1.08E+00	4.17E+01	-8.69E-04
42.15	1.05E+00	4.19E+01	-8.69E-04
42.2	9.68E-01	4.18E+01	-8.69E-04
42.25	9.68E-01	4.19E+01	-8.69E-04
42.3	9.12E-01	4.19E+01	-8.69E-04
42.35	8.84E-01	4.21E+01	-8.69E-04
42.4	8.84E-01	4.19E+01	-8.69E-04
42.45	9.12E-01	4.20E+01	-8.69E-04
42.5	7.99E-01	4.20E+01	-8.69E-04
42.55	7.71E-01	4.21E+01	-8.69E-04
42.6	6.59E-01	4.23E+01	-8.69E-04
42.65	7.43E-01	4.20E+01	-8.69E-04
42.7	6.59E-01	4.22E+01	-8.69E-04
42.75	6.30E-01	4.22E+01	-8.69E-04
42.8	6.59E-01	4.21E+01	-8.69E-04
42.85	4.62E-01	4.21E+01	-8.69E-04
42.9	4.90E-01	4.21E+01	-8.69E-04
42.95	4.62E-01	4.22E+01	-8.69E-04
43	5.18E-01	4.23E+01	-8.69E-04
43.05	5.46E-01	4.24E+01	-8.69E-04
43.1	4.05E-01	4.23E+01	-8.69E-04
43.15	4.62E-01	4.24E+01	-8.69E-04
43.2	4.05E-01	4.24E+01	-8.69E-04
43.25	4.62E-01	4.23E+01	-8.69E-04
43.3	2.93E-01	4.23E+01	-8.69E-04
43.35	4.05E-01	4.23E+01	-8.69E-04
43.4	4.34E-01	4.24E+01	-8.69E-04
43.45	3.21E-01	4.25E+01	-8.69E-04
43.5	3.77E-01	4.24E+01	-8.69E-04
43.55	4.34E-01	4.25E+01	-8.69E-04
43.6	2.08E-01	4.25E+01	-8.69E-04
43.65	3.49E-01	4.25E+01	-8.69E-04
43.7	2.93E-01	4.25E+01	-8.69E-04
43.75	2.65E-01	4.26E+01	-8.69E-04
43.8	3.21E-01	4.26E+01	-8.69E-04
43.85	2.37E-01	4.26E+01	-8.69E-04
43.9	2.65E-01	4.25E+01	-8.69E-04
43.95	4.05E-01	4.25E+01	-8.69E-04
44	2.93E-01	4.26E+01	-8.69E-04
44.05	3.49E-01	4.26E+01	-8.69E-04
44.1	3.77E-01	4.27E+01	-8.69E-04
44.15	3.77E-01	4.27E+01	-8.69E-04
44.2	3.77E-01	4.27E+01	-8.69E-04
44.25	3.77E-01	4.27E+01	-8.69E-04
44.3	2.37E-01	4.27E+01	-8.69E-04
44.35	2.93E-01	4.27E+01	-8.69E-04
44.4	2.93E-01	4.27E+01	-8.69E-04
44.45	2.08E-01	4.27E+01	-8.69E-04
44.5	3.21E-01	4.28E+01	-8.69E-04
44.55	2.37E-01	4.27E+01	-8.69E-04
44.6	3.21E-01	4.27E+01	-8.69E-04
44.65	4.05E-01	4.27E+01	-8.69E-04
44.7	2.65E-01	4.28E+01	-8.69E-04
44.75	3.49E-01	4.29E+01	-8.69E-04
44.8	3.21E-01	4.27E+01	-8.69E-04
44.85	2.08E-01	4.28E+01	-8.69E-04
44.9	3.77E-01	4.28E+01	-8.69E-04
44.95	3.49E-01	4.28E+01	-8.69E-04
45	2.93E-01	4.28E+01	-8.69E-04
45.05	2.65E-01	4.28E+01	-8.69E-04
45.1	2.65E-01	4.28E+01	-8.69E-04
45.15	2.65E-01	4.28E+01	-8.69E-04
45.2	3.21E-01	4.28E+01	-8.69E-04
45.25	3.49E-01	4.27E+01	-8.69E-04
45.3	2.93E-01	4.27E+01	-8.69E-04
45.35	3.21E-01	4.28E+01	-8.69E-04
45.4	3.49E-01	4.29E+01	-8.69E-04
45.45	3.49E-01	4.29E+01	-8.69E-04
45.5	2.93E-01	4.27E+01	-8.69E-04
45.55	2.93E-01	4.28E+01	-8.69E-04
45.6	2.93E-01	4.28E+01	-8.69E-04
45.65	3.49E-01	4.28E+01	-8.69E-04
45.7	3.49E-01	4.28E+01	-8.69E-04
45.75	2.93E-01	4.28E+01	-8.69E-04
45.8	3.49E-01	4.27E+01	-8.69E-04
45.85	2.93E-01	4.28E+01	-8.69E-04
45.9	2.65E-01	4.28E+01	-8.69E-04
45.95	3.77E-01	4.27E+01	-8.69E-04
46	3.21E-01	4.28E+01	-8.69E-04
46.05	3.77E-01	4.29E+01	-8.69E-04
46.1	2.93E-01	4.28E+01	-8.69E-04
46.15	3.21E-01	4.28E+01	-8.69E-04
46.2	3.21E-01	4.29E+01	-8.69E-04
46.25	3.21E-01	4.28E+01	-8.69E-04
46.3	2.93E-01	4.29E+01	-8.69E-04
46.35	2.93E-01	4.29E+01	-8.69E-04
46.4	2.65E-01	4.28E+01	-8.69E-04
46.45	2.93E-01	4.29E+01	-8.69E-04
46.5	2.65E-01	4.28E+01	-8.69E-04
46.55	3.21E-01	4.28E+01	-8.69E-04
46.6	2.37E-01	4.28E+01	-8.69E-04
46.65	3.21E-01	4.28E+01	-8.69E-04
46.7	2.93E-01	4.29E+01	-8.69E-04
46.75	3.77E-01	4.29E+01	-8.69E-04
46.8	2.93E-01	4.28E+01	-8.69E-04
46.85	3.77E-01	4.29E+01	-8.69E-04
46.9	2.93E-01	4.29E+01	-8.69E-04
46.95	2.65E-01	4.29E+01	-8.69E-04
47	2.93E-01	4.29E+01	-8.69E-04
47.05	3.21E-01	4.29E+01	-8.69E-04
47.1	1.80E-01	4.29E+01	-8.69E-04
47.15	2.93E-01	4.28E+01	-8.69E-04
47.2	2.37E-01	4.29E+01	-8.69E-04
47.25	3.49E-01	4.29E+01	-8.69E-04
47.3	2.93E-01	4.29E+01	-8.69E-04
47.35	2.37E-01	4.28E+01	-8.69E-04
47.4	2.93E-01	4.28E+01	-8.69E-04
47.45	2.37E-01	4.29E+01	-8.69E-04
47.5	2.37E-01	4.28E+01	-8.69E-04
47.55	3.21E-01	4.28E+01	-8.69E-04
47.6	2.93E-01	4.29E+01	-8.69E-04
47.65	2.65E-01	4.29E+01	-8.69E-04
47.7	2.37E-01	4.29E+01	-8.69E-04
47.75	3.21E-01	4.29E+01	-8.69E-04
47.8	2.65E-01	4.30E+01	-8.69E-04
47.85	2.65E-01	4.30E+01	-8.69E-04
47.9	2.93E-01	4.29E+01	-8.69E-04
47.95	3.77E-01	4.29E+01	-8.69E-04
48	3.21E-01	4.29E+01	-8.69E-04
48.05	3.77E-01	4.31E+01	-8.69E-04
48.1	2.08E-01	4.30E+01	-8.69E-04
48.15	3.21E-01	4.29E+01	-8.69E-04
48.2	3.49E-01	4.29E+01	-8.69E-04
48.25	2.93E-01	4.28E+01	-8.69E-04
48.3	2.93E-01	4.29E+01	-8.69E-04
48.35	2.08E-01	4.29E+01	-8.69E-04
48.4	3.21E-01	4.28E+01	-8.69E-04
48.45	2.08E-01	4.29E+01	-8.69E-04
48.5	2.93E-01	4.29E+01	-8.69E-04
48.55	3.77E-01	4.28E+01	-8.69E-04
48.6	3.21E-01	4.29E+01	-8.69E-04
48.65	2.37E-01	4.29E+01	-8.69E-04
48.7	3.21E-01	4.30E+01	-8.69E-04
48.75	2.65E-01	4.29E+01	4.22E-03
48.8	2.93E-01	4.29E+01	-8.69E-04
48.85	2.08E-01	4.28E+01	-8.69E-04
48.9	2.37E-01	4.29E+01	-8.69E-04
48.95	3.77E-01	4.29E+01	-8.69E-04
49	2.65E-01	4.29E+01	-8.69E-04
49.05	2.08E-01	4.29E+01	-8.69E-04
49.1	3.21E-01	4.29E+01	-8.69E-04
49.15	2.93E-01	4.28E+01	-8.69E-04
49.2	3.49E-01	4.29E+01	-8.69E-04
49.25	2.93E-01	4.29E+01	-8.69E-04
49.3	2.93E-01	4.29E+01	-8.69E-04
49.35	2.93E-01	4.29E+01	-8.69E-04
49.4	2.37E-01	4.28E+01	-8.69E-04
49.45	2.93E-01	4.29E+01	-8.69E-04
49.5	2.65E-01	4.29E+01	-8.69E-04
49.55	3.49E-01	4.28E+01	-8.69E-04
49.6	2.08E-01	4.29E+01	-8.69E-04
49.65	2.65E-01	4.29E+01	-8.69E-04
49.7	3.21E-01	4.29E+01	-8.69E-04
49.75	2.37E-01	4.27E+01	-8.69E-04
49.8	1.80E-01	4.25E+01	-8.69E-04
49.85	2.93E-01	3.98E+01	-8.69E-04
49.9	2.93E-01	4.40E+01	-8.69E-04
49.95	2.65E-01	4.45E+01	-8.69E-04
50	3.21E-01	4.29E+01	-8.69E-04
50.05	2.65E-01	4.20E+01	-8.69E-04
50.1	2.93E-01	4.21E+01	-8.69E-04
50.15	2.93E-01	4.23E+01	-8.69E-04
50.2	3.21E-01	4.23E+01	-8.69E-04
50.25	3.21E-01	4.21E+01	-8.69E-04
50.3	3.77E-01	4.16E+01	-8.69E-04
50.35	2.37E-01	4.16E+01	-8.69E-04
50.4	3.49E-01	4.17E+01	-8.69E-04
50.45	3.21E-01	4.18E+01	-8.69E-04
50.5	2.37E-01	4.16E+01	-8.69E-04
50.55	2.93E-01	4.17E+01	-8.69E-04
50.6	3.21E-01	4.17E+01	-8.69E-04
50.65	2.37E-01	4.15E+01	-8.69E-04
50.7	3.49E-01	4.13E+01	-8.69E-04
50.75	3.21E-01	4.13E+01	-8.69E-04
50.8	2.93E-01	4.13E+01	-8.69E-04
50.85	2.37E-01	4.12E+01	-8.69E-04
50.9	2.65E-01	4.10E+01	-8.69E-04
50.95	2.65E-01	4.10E+01	-8.69E-04
51	3.77E-01	4.09E+01	-8.69E-04
51.05	3.21E-01	4.07E+01	-8.69E-04
51.1	2.93E-01	4.08E+01	-8.69E-04
51.15	3.21E-01	4.06E+01	-8.69E-04
51.2	3.49E-01	4.05E+01	-8.69E-04
51.25	2.37E-01	4.04E+01	-8.69E-04
51.3	3.49E-01	4.03E+01	-8.69E-04
51.35	3.49E-01	4.03E+01	4.22E-03
51.4	3.49E-01	4.01E+01	-8.69E-04
51.45	3.21E-01	4.02E+01	-8.69E-04
51.5	2.93E-01	4.01E+01	-8.69E-04
51.55	3.21E-01	4.00E+01	-8.69E-04
51.6	2.93E-01	3.99E+01	-8.69E-04
51.65	3.21E-01	3.98E+01	-8.69E-04
51.7	2.65E-01	3.99E+01	-8.69E-04
51.75	2.93E-01	3.99E+01	-8.69E-04
51.8	1.80E-01	3.97E+01	-8.69E-04
51.85	2.37E-01	3.95E+01	-8.69E-04
51.9	2.08E-01	3.95E+01	-8.69E-04
51.95	2.93E-01	3.95E+01	-8.69E-04
52	2.37E-01	3.94E+01	-8.69E-04
52.05	2.65E-01	3.93E+01	-8.69E-04
52.1	2.37E-01	3.93E+01	-8.69E-04
52.15	2.65E-01	3.92E+01	-8.69E-04
52.2	2.37E-01	3.92E+01	-8.69E-04
52.25	2.08E-01	3.90E+01	-8.69E-04
52.3	2.93E-01	3.87E+01	-8.69E-04
52.35	4.90E-01	3.89E+01	-8.69E-04
52.4	2.93E-01	3.86E+01	-8.69E-04
52.45	2.65E-01	3.85E+01	-8.69E-04
52.5	3.49E-01	3.84E+01	-8.69E-04
52.55	2.65E-01	3.83E+01	-8.69E-04
52.6	3.77E-01	3.81E+01	-8.69E-04
52.65	2.93E-01	3.80E+01	-8.69E-04
52.7	2.65E-01	3.79E+01	-8.69E-04
52.75	2.93E-01	3.78E+01	-8.69E-04
52.8	1.80E-01	3.77E+01	-8.69E-04
52.85	2.93E-01	3.77E+01	-8.69E-04
52.9	4.05E-01	3.76E+01	-8.69E-04
52.95	3.77E-01	3.74E+01	-8.69E-04
53	3.21E-01	3.73E+01	-8.69E-04
53.05	1.24E-01	3.73E+01	-8.69E-04
53.1	3.21E-01	3.73E+01	-8.69E-04
53.15	2.37E-01	3.71E+01	-8.69E-04
53.2	2.08E-01	3.70E+01	-8.69E-04
53.25	3.49E-01	3.69E+01	-8.69E-04
53.3	3.21E-01	3.69E+01	-8.69E-04
53.35	2.93E-01	3.68E+01	-8.69E-04
53.4	2.65E-01	3.67E+01	-8.69E-04
53.45	2.65E-01	3.67E+01	-8.69E-04
53.5	2.93E-01	3.65E+01	-8.69E-04
53.55	2.37E-01	3.62E+01	-8.69E-04
53.6	2.65E-01	3.62E+01	-8.69E-04
53.65	2.08E-01	3.61E+01	-8.69E-04
53.7	2.93E-01	3.61E+01	-8.69E-04
53.75	2.37E-01	3.58E+01	-8.69E-04
53.8	2.37E-01	3.59E+01	-8.69E-04
53.85	2.37E-01	3.58E+01	-8.69E-04
53.9	3.49E-01	3.57E+01	-8.69E-04
53.95	2.08E-01	3.56E+01	-8.69E-04
54	2.08E-01	3.56E+01	-8.69E-04
54.05	2.08E-01	3.54E+01	-8.69E-04
54.1	3.21E-01	3.54E+01	-8.69E-04
54.15	3.49E-01	3.53E+01	-8.69E-04
54.2	2.93E-01	3.52E+01	-8.69E-04
54.25	2.65E-01	3.51E+01	-8.69E-04
54.3	2.65E-01	3.50E+01	-8.69E-04
54.35	1.80E-01	3.49E+01	-8.69E-04
54.4	4.05E-01	3.48E+01	-8.69E-04
54.45	2.93E-01	3.47E+01	-8.69E-04
54.5	3.21E-01	3.46E+01	-8.69E-04
54.55	2.08E-01	3.45E+01	-8.69E-04
54.6	2.93E-01	3.44E+01	-8.69E-04
54.65	2.08E-01	3.43E+01	-8.69E-04
54.7	3.21E-01	3.43E+01	-8.69E-04
54.75	2.08E-01	3.43E+01	-8.69E-04
54.8	2.65E-01	3.42E+01	-8.69E-04
54.85	2.08E-01	3.40E+01	-8.69E-04
54.9	2.65E-01	3.39E+01	-8.69E-04
54.95	2.08E-01	3.39E+01	-8.69E-04
55	2.65E-01	3.38E+01	-8.69E-04
55.05	3.21E-01	3.36E+01	-8.69E-04
55.1	2.37E-01	3.35E+01	-8.69E-04
55.15	2.08E-01	3.35E+01	-8.69E-04
55.2	2.65E-01	3.33E+01	-8.69E-04
55.25	3.21E-01	3.33E+01	-8.69E-04
55.3	2.37E-01	3.33E+01	-8.69E-04
55.35	2.08E-01	3.32E+01	-8.69E-04
55.4	2.37E-01	3.30E+01	-8.69E-04
55.45	2.37E-01	3.30E+01	-8.69E-04
55.5	2.37E-01	3.29E+01	-8.69E-04
55.55	2.08E-01	3.28E+01	-8.69E-04
55.6	2.65E-01	3.27E+01	-8.69E-04
55.65	2.93E-01	3.26E+01	-8.69E-04
55.7	2.37E-01	3.25E+01	-8.69E-04
55.75	2.65E-01	3.24E+01	-8.69E-04
55.8	2.08E-01	3.24E+01	-8.69E-04
55.85	2.65E-01	3.23E+01	-8.69E-04
55.9	2.93E-01	3.22E+01	-8.69E-04
55.95	2.93E-01	3.20E+01	-8.69E-04
56	2.08E-01	3.20E+01	-8.69E-04
56.05	2.65E-01	3.19E+01	-8.69E-04
56.1	2.93E-01	3.18E+01	-8.69E-04
56.15	3.21E-01	3.17E+01	-8.69E-04
56.2	2.65E-01	3.18E+01	-8.69E-04
56.25	2.08E-01	3.14E+01	-8.69E-04
56.3	2.93E-01	3.14E+01	-8.69E-04
56.35	2.65E-01	3.14E+01	-8.69E-04
56.4	2.37E-01	3.13E+01	-8.69E-04
56.45	2.93E-01	3.13E+01	-8.69E-04
56.5	2.37E-01	3.12E+01	-8.69E-04
56.55	3.21E-01	3.10E+01	-8.69E-04
56.6	2.08E-01	3.09E+01	-8.69E-04
56.65	3.21E-01	3.09E+01	-8.69E-04
56.7	2.37E-01	3.07E+01	-8.69E-04
56.75	3.49E-01	3.07E+01	-8.69E-04
56.8	2.08E-01	3.06E+01	-8.69E-04
56.85	2.08E-01	3.05E+01	-8.69E-04
56.9	3.77E-01	3.05E+01	-8.69E-04
56.95	2.37E-01	3.03E+01	-8.69E-04
57	3.21E-01	3.02E+01	-8.69E-04
57.05	2.65E-01	3.02E+01	-8.69E-04
57.1	1.80E-01	2.99E+01	-8.69E-04
57.15	3.21E-01	2.98E+01	-8.69E-04
57.2	3.77E-01	2.98E+01	-8.69E-04
57.25	2.65E-01	2.98E+01	-8.69E-04
57.3	2.93E-01	2.97E+01	-8.69E-04
57.35	3.21E-01	2.95E+01	-8.69E-04
57.4	2.37E-01	2.95E+01	-8.69E-04
57.45	2.37E-01	2.93E+01	-8.69E-04
57.5	2.37E-01	2.92E+01	-8.69E-04
57.55	2.37E-01	2.91E+01	-8.69E-04
57.6	3.21E-01	2.90E+01	-8.69E-04
57.65	2.93E-01	2.89E+01	-8.69E-04
57.7	3.49E-01	2.86E+01	-8.69E-04
57.75	3.49E-01	2.86E+01	-8.69E-04
57.8	2.37E-01	2.83E+01	-8.69E-04
57.85	3.21E-01	2.82E+01	-8.69E-04
57.9	2.65E-01	2.83E+01	-8.69E-04
57.95	2.08E-01	2.80E+01	-8.69E-04
58	3.21E-01	2.79E+01	-8.69E-04
58.05	2.37E-01	2.78E+01	-8.69E-04
58.1	2.37E-01	2.79E+01	-8.69E-04
58.15	2.08E-01	2.76E+01	-8.69E-04
58.2	2.08E-01	2.74E+01	-8.69E-04
58.25	2.37E-01	2.72E+01	-8.69E-04
58.3	3.49E-01	2.72E+01	-8.69E-04
58.35	2.65E-01	2.71E+01	-8.69E-04
58.4	2.65E-01	2.69E+01	-8.69E-04
58.45	3.21E-01	2.68E+01	-8.69E-04
58.5	2.65E-01	2.68E+01	-8.69E-04
58.55	2.08E-01	2.67E+01	-8.69E-04
58.6	1.80E-01	2.65E+01	-8.69E-04
58.65	2.08E-01	2.66E+01	-8.69E-04
58.7	1.80E-01	2.65E+01	-8.69E-04
58.75	2.93E-01	2.64E+01	-8.69E-04
58.8	2.08E-01	2.63E+01	-8.69E-04
58.85	2.37E-01	2.62E+01	-8.69E-04
58.9	2.37E-01	2.62E+01	-8.69E-04
58.95	2.93E-01	2.60E+01	-8.69E-04
59	2.65E-01	2.57E+01	-8.69E-04
59.05	2.08E-01	2.58E+01	-8.69E-04
59.1	2.65E-01	2.57E+01	-8.69E-04
59.15	2.08E-01	2.57E+01	-8.69E-04
59.2	2.93E-01	2.56E+01	-8.69E-04
59.25	2.93E-01	2.51E+01	-8.69E-04
59.3	2.37E-01	2.54E+01	-8.69E-04
59.35	1.80E-01	2.55E+01	-8.69E-04
59.4	2.37E-01	2.52E+01	-8.69E-04
59.45	3.21E-01	2.52E+01	-8.69E-04
59.5	2.65E-01	2.51E+01	-8.69E-04
59.55	2.93E-01	2.49E+01	-8.69E-04
59.6	2.93E-01	2.48E+01	-8.69E-04
59.65	2.93E-01	2.47E+01	-8.69E-04
59.7	2.93E-01	2.48E+01	-8.69E-04
59.75	2.37E-01	2.46E+01	-8.69E-04
59.8	2.37E-01	2.45E+01	-8.69E-04
59.85	2.08E-01	2.44E+01	-8.69E-04
59.9	3.21E-01	2.43E+01	-8.69E-04
59.95	3.21E-01	2.43E+01	-8.69E-04
60	3.21E-01	2.43E+01	-8.69E-04
60.05	2.37E-01	2.41E+01	-8.69E-04
60.1	3.21E-01	2.41E+01	-8.69E-04
60.15	2.65E-01	2.40E+01	-8.69E-04
60.2	3.77E-01	2.39E+01	-8.69E-04
60.25	2.93E-01	2.38E+01	-8.69E-04
60.3	2.65E-01	2.37E+01	-8.69E-04
60.35	2.93E-01	2.36E+01	-8.69E-04
60.4	2.08E-01	2.36E+01	-8.69E-04
60.45	2.37E-01	2.34E+01	-8.69E-04
60.5	2.93E-01	2.34E+01	-8.69E-04
60.55	2.37E-01	2.32E+01	-8.69E-04
60.6	2.65E-01	2.31E+01	-8.69E-04
60.65	2.37E-01	2.31E+01	-8.69E-04
60.7	3.21E-01	2.29E+01	-8.69E-04
60.75	2.93E-01	2.29E+01	-8.69E-04
60.8	2.93E-01	2.28E+01	-8.69E-04
60.85	2.08E-01	2.27E+01	-8.69E-04
60.9	2.93E-01	2.27E+01	-8.69E-04
60.95	2.08E-01	2.25E+01	-8.69E-04
61	2.37E-01	2.25E+01	-8.69E-04
61.05	2.65E-01	2.24E+01	-8.69E-04
61.1	1.80E-01	2.24E+01	-8.69E-04
61.15	3.21E-01	2.23E+01	-8.69E-04
61.2	2.37E-01	2.22E+01	-8.69E-04
61.25	3.21E-01	2.22E+01	-8.69E-04
61.3	2.65E-01	2.20E+01	-8.69E-04
61.35	2.08E-01	2.19E+01	-8.69E-04
61.4	2.37E-01	2.19E+01	-8.69E-04
61.45	2.65E-01	2.19E+01	-8.69E-04
61.5	2.08E-01	2.17E+01	-8.69E-04
61.55	2.37E-01	2.17E+01	-8.69E-04
61.6	2.93E-01	2.16E+01	-8.69E-04
61.65	3.21E-01	2.16E+01	-8.69E-04
61.7	2.37E-01	2.15E+01	-8.69E-04
61.75	2.65E-01	2.14E+01	-8.69E-04
61.8	2.65E-01	2.14E+01	-8.69E-04
61.85	2.93E-01	2.12E+01	-8.69E-04
61.9	3.49E-01	2.13E+01	-8.69E-04
61.95	2.65E-01	2.12E+01	-8.69E-04
62	2.37E-01	2.10E+01	-8.69E-04
62.05	2.08E-01	2.10E+01	-8.69E-04
62.1	2.65E-01	2.10E+01	-8.69E-04
62.15	2.93E-01	2.08E+01	-8.69E-04
62.2	2.37E-01	2.08E+01	-8.69E-04
62.25	2.08E-01	2.06E+01	-8.69E-04
62.3	1.52E-01	2.07E+01	-8.69E-04
62.35	2.37E-01	2.05E+01	-8.69E-04
62.4	2.37E-01	2.05E+01	-8.69E-04
62.45	2.37E-01	2.04E+01	-8.69E-04
62.5	2.93E-01	2.04E+01	-8.69E-04
62.55	3.21E-01	2.02E+01	-8.69E-04
62.6	2.08E-01	2.02E+01	-8.69E-04
62.65	1.80E-01	2.01E+01	-8.69E-04
62.7	2.08E-01	2.00E+01	-8.69E-04
62.75	3.21E-01	1.99E+01	-8.69E-04
62.8	1.52E-01	1.98E+01	-8.69E-04
62.85	2.08E-01	1.98E+01	-8.69E-04
62.9	2.08E-01	1.97E+01	-8.69E-04
62.95	3.49E-01	1.96E+01	-8.69E-04
63	2.93E-01	1.95E+01	-8.69E-04
63.05	3.21E-01	1.95E+01	-8.69E-04
63.1	3.21E-01	1.94E+01	-8.69E-04
63.15	4.34E-01	1.93E+01	-8.69E-04
63.2	2.37E-01	1.93E+01	-8.69E-04
63.25	2.93E-01	1.92E+01	-8.69E-04
63.3	2.37E-01	1.91E+01	-8.69E-04
63.35	2.08E-01	1.91E+01	-8.69E-04
63.4	2.93E-01	1.90E+01	-8.69E-04
63.45	2.37E-01	1.89E+01	-8.69E-04
63.5	2.08E-01	1.88E+01	-8.69E-04
63.55	2.37E-01	1.88E+01	-8.69E-04
63.6	3.21E-01	1.87E+01	-8.69E-04
63.65	3.21E-01	1.87E+01	-8.69E-04
63.7	2.93E-01	1.86E+01	-8.69E-04
63.75	2.65E-01	1.85E+01	-8.69E-04
63.8	2.37E-01	1.84E+01	-8.69E-04
63.85	2.08E-01	1.84E+01	-8.69E-04
63.9	2.08E-01	1.81E+01	-8.69E-04
63.95	2.37E-01	1.81E+01	-8.69E-04
64	2.65E-01	1.80E+01	-8.69E-04
64.05	2.37E-01	1.80E+01	-8.69E-04
64.1	3.49E-01	1.79E+01	-8.69E-04
64.15	2.65E-01	1.78E+01	-8.69E-04
64.2	2.93E-01	1.78E+01	-8.69E-04
64.25	2.93E-01	1.76E+01	-8.69E-04
64.3	2.08E-01	1.75E+01	-8.69E-04
64.35	2.08E-01	1.75E+01	-8.69E-04
64.4	2.37E-01	1.74E+01	-8.69E-04
64.45	2.65E-01	1.73E+01	-8.69E-04
64.5	2.65E-01	1.72E+01	4.22E-03
64.55	2.93E-01	1.72E+01	-8.69E-04
64.6	3.21E-01	1.71E+01	-8.69E-04
64.65	2.65E-01	1.69E+01	-8.69E-04
64.7	2.37E-01	1.69E+01	-8.69E-04
64.75	2.37E-01	1.68E+01	-8.69E-04
64.8	1.24E-01	1.68E+01	-8.69E-04
64.85	3.21E-01	1.67E+01	-8.69E-04
64.9	2.65E-01	1.65E+01	-8.69E-04
64.95	2.08E-01	1.65E+01	-8.69E-04
65	2.08E-01	1.65E+01	-8.69E-04
65.05	2.37E-01	1.63E+01	-8.69E-04
65.1	2.65E-01	1.63E+01	-8.69E-04
65.15	3.77E-01	1.63E+01	-8.69E-04
65.2	3.21E-01	1.61E+01	-8.69E-04
65.25	2.37E-01	1.60E+01	-8.69E-04
65.3	2.08E-01	1.60E+01	-8.69E-04
65.35	2.93E-01	1.59E+01	-8.69E-04
65.4	2.65E-01	1.59E+01	-8.69E-04
65.45	2.65E-01	1.58E+01	-8.69E-04
65.5	2.37E-01	1.58E+01	-8.69E-04
65.55	2.65E-01	1.56E+01	-8.69E-04
65.6	2.08E-01	1.56E+01	-8.69E-04
65.65	2.65E-01	1.55E+01	-8.69E-04
65.7	1.80E-01	1.54E+01	-8.69E-04
65.75	2.37E-01	1.55E+01	-8.69E-04
65.8	2.37E-01	1.53E+01	-8.69E-04
65.85	2.37E-01	1.54E+01	-8.69E-04
65.9	2.08E-01	1.51E+01	-8.69E-04
65.95	2.65E-01	1.50E+01	-8.69E-04
66	2.93E-01	1.48E+01	-8.69E-04
66.05	3.21E-01	1.49E+01	-8.69E-04
66.1	2.65E-01	1.47E+01	-8.69E-04
66.15	2.37E-01	1.47E+01	-8.69E-04
66.2	2.37E-01	1.46E+01	-8.69E-04
66.25	2.65E-01	1.46E+01	-8.69E-04
66.3	2.37E-01	1.45E+01	-8.69E-04
66.35	2.08E-01	1.44E+01	-8.69E-04
66.4	2.93E-01	1.42E+01	-8.69E-04
66.45	2.65E-01	1.42E+01	-8.69E-04
66.5	2.37E-01	1.42E+01	-8.69E-04
66.55	2.65E-01	1.41E+01	-8.69E-04
66.6	2.08E-01	1.41E+01	4.22E-03
66.65	2.37E-01	1.40E+01	-8.69E-04
66.7	3.21E-01	1.39E+01	-8.69E-04
66.75	2.37E-01	1.38E+01	-8.69E-04
66.8	2.93E-01	1.37E+01	-8.69E-04
66.85	1.52E-01	1.36E+01	-8.69E-04
66.9	3.21E-01	1.37E+01	-8.69E-04
66.95	1.80E-01	1.35E+01	-8.69E-04
67	2.08E-01	1.35E+01	-8.69E-04
67.05	2.37E-01	1.34E+01	-8.69E-04
67.1	3.21E-01	1.33E+01	-8.69E-04
67.15	2.93E-01	1.33E+01	4.22E-03
67.2	2.65E-01	1.33E+01	-8.69E-04
67.25	3.77E-01	1.32E+01	-8.69E-04
67.3	2.65E-01	1.31E+01	-8.69E-04
67.35	3.21E-01	1.31E+01	-8.69E-04
67.4	3.49E-01	1.30E+01	-8.69E-04
67.45	2.93E-01	1.28E+01	-8.69E-04
67.5	1.52E-01	1.28E+01	-8.69E-04
67.55	2.08E-01	1.27E+01	-8.69E-04
67.6	2.65E-01	1.27E+01	-8.69E-04
67.65	2.37E-01	1.27E+01	-8.69E-04
67.7	2.37E-01	1.25E+01	-8.69E-04
67.75	2.37E-01	1.24E+01	-8.69E-04
67.8	2.37E-01	1.25E+01	-8.69E-04
67.85	2.08E-01	1.24E+01	-8.69E-04
67.9	2.65E-01	1.24E+01	-8.69E-04
67.95	2.65E-01	1.23E+01	-8.69E-04
68	2.93E-01	1.22E+01	-8.69E-04
68.05	1.80E-01	1.21E+01	-8.69E-04
68.1	2.93E-01	1.20E+01	-8.69E-04
68.15	2.65E-01	1.20E+01	-8.69E-04
68.2	2.37E-01	1.19E+01	-8.69E-04
68.25	1.80E-01	1.17E+01	-8.69E-04
68.3	2.08E-01	1.17E+01	-8.69E-04
68.35	2.08E-01	1.16E+01	-8.69E-04
68.4	1.80E-01	1.17E+01	-8.69E-04
68.45	3.77E-01	1.14E+01	-8.69E-04
68.5	2.08E-01	1.15E+01	-8.69E-04
68.55	2.08E-01	1.14E+01	-8.69E-04
68.6	2.37E-01	1.13E+01	-8.69E-04
68.65	1.80E-01	1.13E+01	-8.69E-04
68.7	2.37E-01	1.12E+01	-8.69E-04
68.75	2.37E-01	1.12E+01	-8.69E-04
68.8	1.80E-01	1.11E+01	-8.69E-04
68.85	2.37E-01	1.10E+01	-8.69E-04
68.9	2.37E-01	1.09E+01	-8.69E-04
68.95	3.77E-01	1.09E+01	-8.69E-04
69	2.08E-01	1.08E+01	-8.69E-04
69.05	2.08E-01	1.09E+01	-8.69E-04
69.1	2.65E-01	1.08E+01	-8.69E-04
69.15	2.93E-01	1.07E+01	-8.69E-04
69.2	2.37E-01	1.06E+01	-8.69E-04
69.25	2.37E-01	1.05E+01	-8.69E-04
69.3	2.65E-01	1.04E+01	-8.69E-04
69.35	2.93E-01	1.04E+01	-8.69E-04
69.4	2.93E-01	1.04E+01	-8.69E-04
69.45	2.37E-01	1.03E+01	-8.69E-04
69.5	3.21E-01	1.03E+01	-8.69E-04
69.55	1.52E-01	1.02E+01	-8.69E-04
69.6	2.93E-01	1.00E+01	-8.69E-04
69.65	2.65E-01	1.00E+01	-8.69E-04
69.7	2.08E-01	1.02E+01	-8.69E-04
69.75	2.37E-01	1.00E+01	-8.69E-04
69.8	2.37E-01	1.00E+01	-8.69E-04
69.85	2.37E-01	9.93E+00	-8.69E-04
69.9	1.80E-01	9.79E+00	-8.69E-04
69.95	2.37E-01	9.70E+00	-8.69E-04
70	2.65E-01	9.79E+00	-8.69E-04
70.05	1.80E-01	9.64E+00	-8.69E-04
70.1	2.08E-01	9.50E+00	-8.69E-04
70.15	3.21E-01	9.41E+00	-8.69E-04
70.2	2.08E-01	9.35E+00	-8.69E-04
70.25	2.37E-01	9.32E+00	-8.69E-04
70.3	2.93E-01	9.38E+00	-8.69E-04
70.35	2.93E-01	9.30E+00	-8.69E-04
70.4	2.65E-01	9.09E+00	-8.69E-04
70.45	2.65E-01	9.12E+00	-8.69E-04
70.5	2.37E-01	8.98E+00	-8.69E-04
70.55	2.65E-01	9.04E+00	-8.69E-04
70.6	1.80E-01	8.92E+00	-8.69E-04
70.65	2.37E-01	8.92E+00	-8.69E-04
70.7	2.37E-01	8.78E+00	-8.69E-04
70.75	1.24E-01	8.78E+00	-8.69E-04
70.8	3.21E-01	8.78E+00	-8.69E-04
70.85	2.65E-01	8.66E+00	-8.69E-04
70.9	2.65E-01	8.55E+00	-8.69E-04
70.95	2.08E-01	8.49E+00	-8.69E-04
71	2.08E-01	8.46E+00	-8.69E-04
71.05	2.08E-01	8.46E+00	-8.69E-04
71.1	2.37E-01	8.37E+00	-8.69E-04
71.15	3.77E-01	8.23E+00	-8.69E-04
71.2	2.65E-01	8.31E+00	-8.69E-04
71.25	2.93E-01	8.29E+00	-8.69E-04
71.3	2.65E-01	8.08E+00	-8.69E-04
71.35	2.08E-01	8.03E+00	-8.69E-04
71.4	2.08E-01	8.03E+00	-8.69E-04
71.45	1.52E-01	8.00E+00	-8.69E-04
71.5	2.65E-01	7.82E+00	-8.69E-04
71.55	2.37E-01	7.82E+00	-8.69E-04
71.6	2.37E-01	7.82E+00	-8.69E-04
71.65	1.80E-01	7.68E+00	-8.69E-04
71.7	2.08E-01	7.53E+00	-8.69E-04
71.75	2.37E-01	7.68E+00	-8.69E-04
71.8	2.37E-01	7.53E+00	-8.69E-04
71.85	4.34E-01	7.48E+00	-8.69E-04
71.9	2.93E-01	7.51E+00	-8.69E-04
71.95	2.93E-01	7.39E+00	-8.69E-04
72	2.37E-01	7.42E+00	-8.69E-04
72.05	2.93E-01	7.36E+00	-8.69E-04
72.1	2.08E-01	7.36E+00	-8.69E-04
72.15	2.37E-01	7.25E+00	-8.69E-04
72.2	1.80E-01	7.13E+00	-8.69E-04
72.25	2.08E-01	7.13E+00	-8.69E-04
72.3	3.49E-01	7.04E+00	-8.69E-04
72.35	2.93E-01	7.07E+00	-8.69E-04
72.4	1.80E-01	6.90E+00	-8.69E-04
72.45	1.52E-01	6.84E+00	-8.69E-04
72.5	2.93E-01	6.76E+00	-8.69E-04
72.55	2.08E-01	6.73E+00	-8.69E-04
72.6	2.08E-01	6.70E+00	-8.69E-04
72.65	2.08E-01	6.78E+00	-8.69E-04
72.7	2.65E-01	6.61E+00	-8.69E-04
72.75	2.93E-01	6.64E+00	-8.69E-04
72.8	2.08E-01	6.47E+00	-8.69E-04
72.85	2.93E-01	6.55E+00	-8.69E-04
72.9	2.93E-01	6.50E+00	-8.69E-04
72.95	2.93E-01	6.35E+00	-8.69E-04
73	2.08E-01	6.41E+00	-8.69E-04
73.05	3.49E-01	6.24E+00	-8.69E-04
73.1	1.80E-01	6.29E+00	-8.69E-04
73.15	2.65E-01	6.18E+00	-8.69E-04
73.2	2.37E-01	6.03E+00	-8.69E-04
73.25	2.65E-01	6.12E+00	-8.69E-04
73.3	2.08E-01	5.98E+00	-8.69E-04
73.35	2.65E-01	6.01E+00	-8.69E-04
73.4	2.93E-01	5.83E+00	-8.69E-04
73.45	2.08E-01	5.80E+00	-8.69E-04
73.5	2.93E-01	5.75E+00	-8.69E-04
73.55	2.37E-01	5.80E+00	-8.69E-04
73.6	3.21E-01	5.83E+00	-8.69E-04
73.65	2.08E-01	5.72E+00	-8.69E-04
73.7	1.52E-01	5.63E+00	-8.69E-04
73.75	2.08E-01	5.51E+00	-8.69E-04
73.8	2.37E-01	5.54E+00	-8.69E-04
73.85	2.37E-01	5.57E+00	-8.69E-04
73.9	2.08E-01	5.43E+00	-8.69E-04
73.95	2.65E-01	5.49E+00	-8.69E-04
74	2.93E-01	5.31E+00	-8.69E-04
74.05	2.08E-01	5.34E+00	-8.69E-04
74.1	2.37E-01	5.28E+00	-8.69E-04
74.15	3.21E-01	5.28E+00	-8.69E-04
74.2	2.37E-01	5.25E+00	-8.69E-04
74.25	2.65E-01	5.05E+00	-8.69E-04
74.3	2.37E-01	5.05E+00	-8.69E-04
74.35	2.08E-01	4.97E+00	-8.69E-04
74.4	2.08E-01	4.97E+00	-8.69E-04
74.45	2.37E-01	5.02E+00	-8.69E-04
74.5	3.21E-01	4.94E+00	-8.69E-04
74.55	1.80E-01	4.79E+00	-8.69E-04
74.6	2.37E-01	4.82E+00	-8.69E-04
74.65	2.93E-01	4.71E+00	-8.69E-04
74.7	2.08E-01	4.71E+00	-8.69E-04
74.75	2.08E-01	4.62E+00	-8.69E-04
74.8	1.52E-01	4.62E+00	-8.69E-04
74.85	3.21E-01	4.50E+00	-8.69E-04
74.9	2.65E-01	4.45E+00	-8.69E-04
74.95	2.65E-01	4.50E+00	-8.69E-04
75	2.65E-01	4.50E+00	-8.69E-04
75.05	3.21E-01	4.36E+00	-8.69E-04
75.1	2.93E-01	4.36E+00	-8.69E-04
75.15	2.65E-01	4.39E+00	-8.69E-04
75.2	2.93E-01	4.27E+00	-8.69E-04
75.25	2.65E-01	4.19E+00	-8.69E-04
75.3	2.37E-01	4.16E+00	-8.69E-04
75.35	2.08E-01	4.13E+00	-8.69E-04
75.4	2.08E-01	4.01E+00	-8.69E-04
75.45	2.37E-01	4.01E+00	-8.69E-04
75.5	2.37E-01	3.96E+00	-8.69E-04
75.55	2.37E-01	3.93E+00	-8.69E-04
75.6	2.37E-01	3.96E+00	-8.69E-04
75.65	3.21E-01	3.84E+00	-8.69E-04
75.7	1.52E-01	3.90E+00	-8.69E-04
75.75	2.93E-01	3.81E+00	-8.69E-04
75.8	2.37E-01	3.64E+00	-8.69E-04
75.85	3.49E-01	3.64E+00	-8.69E-04
75.9	2.93E-01	3.58E+00	-8.69E-04
75.95	2.08E-01	3.58E+00	-8.69E-04
76	2.65E-01	3.55E+00	-8.69E-04
76.05	2.08E-01	3.49E+00	-8.69E-04
76.1	2.37E-01	3.52E+00	-8.69E-04
76.15	2.37E-01	3.49E+00	-8.69E-04
76.2	2.08E-01	3.41E+00	-8.69E-04
76.25	3.21E-01	3.32E+00	-8.69E-04
76.3	2.08E-01	3.35E+00	-8.69E-04
76.35	2.93E-01	3.35E+00	-8.69E-04
76.4	2.65E-01	3.29E+00	-8.69E-04
76.45	2.08E-01	3.21E+00	-8.69E-04
76.5	2.37E-01	3.15E+00	-8.69E-04
76.55	2.08E-01	3.23E+00	-8.69E-04
76.6	2.37E-01	3.12E+00	-8.69E-04
76.65	2.65E-01	3.03E+00	-8.69E-04
76.7	2.08E-01	2.95E+00	-8.69E-04
76.75	1.52E-01	3.00E+00	-8.69E-04
76.8	2.65E-01	2.92E+00	-8.69E-04
76.85	1.80E-01	2.89E+00	-8.69E-04
76.9	3.21E-01	2.97E+00	-8.69E-04
76.95	2.65E-01	2.80E+00	-8.69E-04
77	2.93E-01	2.83E+00	-8.69E-04
77.05	2.08E-01	2.77E+00	-8.69E-04
77.1	2.93E-01	2.74E+00	-8.69E-04
77.15	1.80E-01	2.69E+00	-8.69E-04
77.2	2.08E-01	2.66E+00	-8.69E-04
77.25	2.93E-01	2.57E+00	-8.69E-04
77.3	1.80E-01	2.51E+00	-8.69E-04
77.35	1.80E-01	2.60E+00	-8.69E-04
77.4	2.93E-01	2.48E+00	-8.69E-04
77.45	2.93E-01	2.57E+00	-8.69E-04
77.5	2.37E-01	2.54E+00	-8.69E-04
77.55	2.08E-01	2.48E+00	-8.69E-04
77.6	2.93E-01	2.37E+00	-8.69E-04
77.65	2.65E-01	2.28E+00	-8.69E-04
77.7	2.37E-01	2.31E+00	-8.69E-04
77.75	1.80E-01	2.22E+00	-8.69E-04
77.8	2.08E-01	2.28E+00	-8.69E-04
77.85	2.08E-01	2.25E+00	-8.69E-04
77.9	3.21E-01	2.17E+00	-8.69E-04
77.95	2.93E-01	2.17E+00	-8.69E-04
78	2.93E-01	2.08E+00	-8.69E-04
78.05	2.08E-01	2.08E+00	-8.69E-04
78.1	2.37E-01	2.08E+00	-8.69E-04
78.15	3.21E-01	1.96E+00	-8.69E-04
78.2	2.08E-01	1.94E+00	-8.69E-04
78.25	2.08E-01	1.91E+00	-8.69E-04
78.3	2.08E-01	1.94E+00	-8.69E-04
78.35	2.37E-01	1.85E+00	-8.69E-04
78.4	2.08E-01	1.79E+00	-8.69E-04
78.45	2.37E-01	1.73E+00	-8.69E-04
78.5	2.93E-01	1.85E+00	-8.69E-04
78.55	1.80E-01	1.73E+00	-8.69E-04
78.6	2.08E-01	1.73E+00	-8.69E-04
78.65	3.21E-01	1.65E+00	-8.69E-04
78.7	3.21E-01	1.73E+00	-8.69E-04
78.75	2.08E-01	1.62E+00	-8.69E-04
78.8	2.37E-01	1.56E+00	-8.69E-04
78.85	3.21E-01	1.50E+00	-8.69E-04
78.9	2.93E-01	1.59E+00	-8.69E-04
78.95	1.80E-01	1.47E+00	-8.69E-04
79	3.21E-01	1.47E+00	-8.69E-04
79.05	2.93E-01	1.44E+00	-8.69E-04
79.1	2.37E-01	1.44E+00	-8.69E-04
79.15	2.93E-01	1.36E+00	-8.69E-04
79.2	2.93E-01	1.27E+00	-8.69E-04
79.25	2.93E-01	1.30E+00	-8.69E-04
79.3	2.37E-01	1.19E+00	-8.69E-04
79.35	2.08E-01	1.21E+00	-8.69E-04
79.4	3.21E-01	1.21E+00	-8.69E-04
79.45	2.37E-01	1.27E+00	-8.69E-04
79.5	2.93E-01	1.19E+00	-8.69E-04
79.55	2.08E-01	1.07E+00	-8.69E-04
79.6	2.65E-01	1.16E+00	-8.69E-04
79.65	2.93E-01	1.16E+00	-8.69E-04
79.7	3.21E-01	1.04E+00	-8.69E-04
79.75	2.65E-01	9.54E-01	-8.69E-04
79.8	2.37E-01	1.04E+00	-8.69E-04
79.85	1.80E-01	9.83E-01	-8.69E-04
79.9	2.93E-01	1.04E+00	-8.69E-04
79.95	2.93E-01	8.96E-01	-8.69E-04
80	2.65E-01	9.25E-01	-8.69E-04
80.05	3.21E-01	9.25E-01	-8.69E-04
80.1	2.37E-01	9.25E-01	-8.69E-04
80.15	2.93E-01	8.39E-01	-8.69E-04
80.2	2.93E-01	7.81E-01	-8.69E-04
80.25	3.21E-01	7.81E-01	-8.69E-04
80.3	2.93E-01	7.81E-01	-8.69E-04
80.35	2.37E-01	7.52E-01	-8.69E-04
80.4	3.21E-01	7.52E-01	-8.69E-04
80.45	2.08E-01	6.94E-01	-8.69E-04
80.5	2.37E-01	6.08E-01	-8.69E-04
80.55	2.93E-01	6.08E-01	-8.69E-04
80.6	2.65E-01	6.37E-01	-8.69E-04
80.65	2.08E-01	6.37E-01	-8.69E-04
80.7	2.08E-01	6.37E-01	-8.69E-04
80.75	2.65E-01	5.79E-01	-8.69E-04
80.8	2.93E-01	4.92E-01	-8.69E-04
80.85	2.37E-01	4.64E-01	-8.69E-04
80.9	2.37E-01	4.92E-01	-8.69E-04
80.95	2.37E-01	4.92E-01	-8.69E-04
81	1.80E-01	4.64E-01	-8.69E-04
81.05	2.08E-01	3.77E-01	-8.69E-04
81.1	3.21E-01	4.35E-01	-8.69E-04
81.15	2.65E-01	4.06E-01	-8.69E-04
81.2	2.08E-01	3.77E-01	-8.69E-04
81.25	1.80E-01	3.19E-01	-8.69E-04
81.3	2.08E-01	3.19E-01	-8.69E-04
81.35	2.93E-01	2.61E-01	-8.69E-04
81.4	2.65E-01	2.33E-01	-8.69E-04
81.45	2.65E-01	3.19E-01	-8.69E-04
81.5	2.37E-01	2.33E-01	-8.69E-04
81.55	2.65E-01	2.90E-01	-8.69E-04
81.6	2.37E-01	2.33E-01	-8.69E-04
81.65	2.65E-01	2.33E-01	-8.69E-04
81.7	3.21E-01	1.75E-01	-8.69E-04
81.75	1.80E-01	5.94E-02	-8.69E-04
81.8	2.93E-01	1.17E-01	-8.69E-04
81.85	3.21E-01	8.83E-02	-8.69E-04
81.9	2.65E-01	8.83E-02	-8.69E-04
81.95	2.37E-01	2.33E-01	-8.69E-04
82	2.93E-01	5.94E-02	-8.69E-04
82.05	1.80E-01	3.06E-02	-8.69E-04
82.1	2.65E-01	1.17E-01	-8.69E-04
82.15	3.21E-01	1.17E-01	-8.69E-04
82.2	2.65E-01	-8.49E-02	-8.69E-04
82.25	2.65E-01	1.17E-01	-8.69E-04
82.3	1.24E-01	1.70E-03	-8.69E-04
82.35	2.08E-01	8.83E-02	-8.69E-04
82.4	3.21E-01	5.94E-02	-8.69E-04
82.45	1.80E-01	1.70E-03	-8.69E-04
82.5	2.93E-01	1.70E-03	-8.69E-04
82.55	2.08E-01	5.94E-02	-8.69E-04
82.6	2.93E-01	1.70E-03	-8.69E-04
82.65	2.93E-01	5.94E-02	-8.69E-04
82.7	2.08E-01	5.94E-02	-8.69E-04
82.75	1.52E-01	1.17E-01	-8.69E-04
82.8	2.65E-01	5.94E-02	-8.69E-04
82.85	2.65E-01	3.06E-02	-8.69E-04
82.9	2.93E-01	3.06E-02	-8.69E-04
82.95	2.93E-01	1.17E-01	-8.69E-04
83	1.52E-01	8.83E-02	-8.69E-04
83.05	3.21E-01	1.70E-03	-8.69E-04
83.1	2.08E-01	3.06E-02	-8.69E-04
83.15	3.21E-01	-2.72E-02	-8.69E-04
83.2	1.24E-01	-2.72E-02	-8.69E-04
83.25	2.37E-01	1.70E-03	-8.69E-04
83.3	2.08E-01	1.17E-01	-8.69E-04
83.35	2.08E-01	1.70E-03	-8.69E-04
83.4	1.52E-01	3.06E-02	-8.69E-04
83.45	2.37E-01	3.06E-02	-8.69E-04
83.5	2.37E-01	-8.49E-02	-8.69E-04
83.55	2.08E-01	1.70E-03	-8.69E-04
83.6	2.08E-01	-8.49E-02	-8.69E-04
83.65	2.08E-01	-5.60E-02	-8.69E-04
83.7	1.52E-01	3.06E-02	-8.69E-04
83.75	1.80E-01	1.70E-03	-8.69E-04
83.8	2.37E-01	3.06E-02	-8.69E-04
83.85	3.21E-01	1.70E-03	-8.69E-04
83.9	2.37E-01	1.70E-03	-8.69E-04
83.95	3.21E-01	1.70E-03	-8.69E-04
84	2.93E-01	-5.60E-02	-8.69E-04
84.05	2.93E-01	3.06E-02	-8.69E-04
84.1	2.08E-01	-1.14E-01	-8.69E-04
84.15	2.93E-01	-1.43E-01	-8.69E-04
84.2	2.08E-01	1.70E-03	-8.69E-04
84.25	2.08E-01	-2.72E-02	-8.69E-04
84.3	1.80E-01	-2.72E-02	-8.69E-04
84.35	3.49E-01	1.70E-03	-8.69E-04
84.4	2.37E-01	-2.72E-02	-8.69E-04
84.45	2.93E-01	-5.60E-02	-8.69E-04
84.5	2.65E-01	-1.14E-01	-8.69E-04
84.55	2.08E-01	1.70E-03	-8.69E-04
84.6	1.80E-01	-2.72E-02	-8.69E-04
84.65	2.08E-01	3.06E-02	-8.69E-04
84.7	1.52E-01	1.70E-03	-8.69E-04
84.75	2.37E-01	-2.72E-02	-8.69E-04
84.8	2.08E-01	1.70E-03	-8.69E-04
84.85	2.08E-01	-1.43E-01	-8.69E-04
84.9	2.08E-01	-8.49E-02	-8.69E-04
84.95	1.24E-01	5.94E-02	-8.69E-04
85	2.08E-01	8.83E-02	-8.69E-04
85.05	2.65E-01	-1.14E-01	-8.69E-04
85.1	2.37E-01	-5.60E-02	-8.69E-04
85.15	2.37E-01	-2.00E-01	-8.69E-04
85.2	3.21E-01	-1.71E-01	-8.69E-04
85.25	2.08E-01	1.46E-01	-8.69E-04
85.3	2.93E-01	2.33E-01	-8.69E-04
85.35	1.80E-01	-8.49E-02	-8.69E-04
85.4	2.37E-01	-8.49E-02	-8.69E-04
85.45	1.80E-01	-1.14E-01	-8.69E-04
85.5	2.08E-01	-2.00E-01	-8.69E-04
85.55	2.37E-01	-2.29E-01	-8.69E-04
85.6	2.65E-01	-8.49E-02	-8.69E-04
85.65	2.37E-01	-1.71E-01	-8.69E-04
85.7	1.52E-01	-1.14E-01	-8.69E-04
85.75	2.08E-01	-8.49E-02	-8.69E-04
85.8	1.52E-01	3.06E-02	-8.69E-04
85.85	2.08E-01	3.06E-02	-8.69E-04
85.9	5.46E-01	1.76E+00	-8.69E-04
85.95	2.37E-01	-9.51E-01	-8.69E-04
86	2.93E-01	2.61E-01	-8.69E-04
86.05	3.77E-01	-2.00E-01	-8.69E-04
86.1	2.37E-01	-5.60E-02	-8.69E-04
86.15	2.08E-01	-8.49E-02	-8.69E-04
86.2	2.93E-01	-1.14E-01	-8.69E-04
86.25	2.08E-01	-2.87E-01	-8.69E-04
86.3	4.90E-01	-1.14E-01	-8.69E-04
86.35	6.77E-02	3.77E-01	-8.69E-04
86.4	2.08E-01	5.94E-02	-8.69E-04
86.45	2.93E-01	3.06E-02	-8.69E-04
86.5	1.80E-01	1.70E-03	-8.69E-04
86.55	2.37E-01	-1.71E-01	-8.69E-04
86.6	2.37E-01	-1.43E-01	-8.69E-04
86.65	2.08E-01	-1.43E-01	-8.69E-04
86.7	2.93E-01	-2.58E-01	-8.69E-04
86.75	3.21E-01	-8.49E-02	-8.69E-04
86.8	2.65E-01	-1.14E-01	-8.69E-04
86.85	1.80E-01	-8.49E-02	-8.69E-04
86.9	3.21E-01	1.70E-03	-8.69E-04
86.95	2.08E-01	-1.43E-01	-8.69E-04
87	2.65E-01	-1.14E-01	-8.69E-04
87.05	2.93E-01	-2.72E-02	-8.69E-04
87.1	2.08E-01	-5.60E-02	-8.69E-04
87.15	1.52E-01	-5.60E-02	-8.69E-04
87.2	2.93E-01	-5.60E-02	-8.69E-04
87.25	1.52E-01	-8.49E-02	-8.69E-04
87.3	2.93E-01	1.70E-03	-8.69E-04
87.35	1.52E-01	-8.49E-02	-8.69E-04
87.4	2.37E-01	-8.49E-02	-8.69E-04
87.45	3.21E-01	-5.60E-02	-8.69E-04
87.5	2.37E-01	-8.49E-02	-8.69E-04
87.55	2.08E-01	-5.60E-02	-8.69E-04
87.6	2.37E-01	3.06E-02	-8.69E-04
87.65	2.65E-01	-1.43E-01	-8.69E-04
87.7	2.37E-01	-1.43E-01	-8.69E-04
87.75	2.65E-01	-1.43E-01	-8.69E-04
87.8	1.80E-01	-1.71E-01	-8.69E-04
87.85	2.37E-01	-1.14E-01	-8.69E-04
87.9	2.93E-01	-1.43E-01	-8.69E-04
87.95	2.37E-01	-1.43E-01	-8.69E-04
88	2.08E-01	-2.72E-02	-8.69E-04
88.05	2.08E-01	-1.14E-01	-8.69E-04
88.1	2.37E-01	-1.43E-01	-8.69E-04
88.15	2.65E-01	-2.72E-02	-8.69E-04
88.2	3.21E-01	-1.43E-01	-8.69E-04
88.25	2.93E-01	-5.60E-02	-8.69E-04
88.3	1.52E-01	-1.43E-01	-8.69E-04
88.35	2.93E-01	-2.72E-02	-8.69E-04
88.4	2.37E-01	-1.14E-01	-8.69E-04
88.45	1.80E-01	-1.71E-01	-8.69E-04
88.5	1.80E-01	-1.14E-01	-8.69E-04
88.55	2.37E-01	-1.43E-01	-8.69E-04
88.6	1.52E-01	-1.14E-01	-8.69E-04
88.65	3.21E-01	-5.60E-02	-8.69E-04
88.7	2.08E-01	-1.43E-01	-8.69E-04
88.75	2.08E-01	-1.14E-01	-8.69E-04
88.8	2.93E-01	-1.43E-01	-8.69E-04
88.85	1.80E-01	-2.72E-02	-8.69E-04
88.9	2.08E-01	-1.71E-01	-8.69E-04
88.95	2.37E-01	-1.43E-01	-8.69E-04
89	2.93E-01	-5.60E-02	-8.69E-04
89.05	2.37E-01	-1.43E-01	-8.69E-04
89.1	2.37E-01	-1.14E-01	-8.69E-04
89.15	2.37E-01	-8.49E-02	-8.69E-04
89.2	2.93E-01	-1.71E-01	-8.69E-04
89.25	1.80E-01	-5.60E-02	-8.69E-04
89.3	1.52E-01	-8.49E-02	-8.69E-04
89.35	2.65E-01	-5.60E-02	-8.69E-04
89.4	2.65E-01	-1.43E-01	-8.69E-04
89.45	2.08E-01	-2.72E-02	-8.69E-04
89.5	3.77E-01	-8.49E-02	-8.69E-04
89.55	2.93E-01	-8.49E-02	-8.69E-04
89.6	2.08E-01	-8.49E-02	-8.69E-04
89.65	1.52E-01	-8.49E-02	-8.69E-04
89.7	2.08E-01	-5.60E-02	-8.69E-04
89.75	2.08E-01	-1.14E-01	-8.69E-04
89.8	2.65E-01	-8.49E-02	-8.69E-04
89.85	2.93E-01	-1.71E-01	-8.69E-04
89.9	2.93E-01	-1.14E-01	-8.69E-04
89.95	2.37E-01	-1.14E-01	-8.69E-04
90	2.37E-01	-5.60E-02	-8.69E-04
90.05	2.08E-01	-1.43E-01	-8.69E-04
90.1	2.08E-01	-8.49E-02	-8.69E-04
90.15	1.80E-01	-8.49E-02	-8.69E-04
90.2	1.52E-01	-1.43E-01	-8.69E-04
90.25	2.65E-01	1.70E-03	-8.69E-04
90.3	1.80E-01	-5.60E-02	-8.69E-04
90.35	2.37E-01	3.06E-02	-8.69E-04
90.4	2.37E-01	-8.49E-02	-8.69E-04
90.45	1.80E-01	-8.49E-02	-8.69E-04
90.5	2.37E-01	-1.43E-01	-8.69E-04
