3.772226E-1	8.828526E-2	-8.694704E-4
3.772226E-1	8.828526E-2	-8.694704E-4
4.053641E-1	5.942222E-2	-8.694704E-4
3.490811E-1	8.828526E-2	-8.694704E-4
3.209396E-1	1.171483E-1	-8.694704E-4
3.490811E-1	5.942222E-2	-8.694704E-4
2.927981E-1	8.828526E-2	-8.694704E-4
5.179301E-1	1.696147E-3	-8.694704E-4
3.772226E-1	3.055918E-2	-8.694704E-4
4.616471E-1	1.748744E-1	-8.694704E-4
3.772226E-1	8.828526E-2	-8.694704E-4
4.335056E-1	-2.716689E-2	-8.694704E-4
3.772226E-1	8.828526E-2	-8.694704E-4
4.053641E-1	5.942222E-2	-8.694704E-4
4.053641E-1	8.828526E-2	4.220685E-3
4.335056E-1	5.942222E-2	-8.694704E-4
3.772226E-1	5.942222E-2	-8.694704E-4
4.053641E-1	5.942222E-2	-8.694704E-4
4.335056E-1	1.696147E-3	-8.694704E-4
3.772226E-1	1.696147E-3	-8.694704E-4
2.927981E-1	1.460113E-1	-8.694704E-4
3.772226E-1	5.942222E-2	-8.694704E-4
4.335056E-1	3.055918E-2	-8.694704E-4
3.772226E-1	1.748744E-1	-8.694704E-4
4.335056E-1	1.171483E-1	-8.694704E-4
4.335056E-1	3.055918E-2	-8.694704E-4
4.335056E-1	8.828526E-2	-8.694704E-4
4.897886E-1	8.828526E-2	-8.694704E-4
3.772226E-1	8.828526E-2	-8.694704E-4
4.053641E-1	8.828526E-2	-8.694704E-4
4.335056E-1	5.942222E-2	-8.694704E-4
4.053641E-1	8.828526E-2	-8.694704E-4
4.335056E-1	5.942222E-2	-8.694704E-4
4.053641E-1	3.055918E-2	-8.694704E-4
3.209396E-1	5.942222E-2	-8.694704E-4
4.335056E-1	1.696147E-3	-8.694704E-4
3.209396E-1	-5.602993E-2	-8.694704E-4
3.209396E-1	1.696147E-3	-8.694704E-4
4.335056E-1	1.171483E-1	-8.694704E-4
3.772226E-1	8.828526E-2	-8.694704E-4
3.209396E-1	2.037374E-1	-8.694704E-4
4.335056E-1	1.696147E-3	-8.694704E-4
4.897886E-1	5.942222E-2	-8.694704E-4
3.490811E-1	8.828526E-2	-8.694704E-4
3.490811E-1	1.460113E-1	-8.694704E-4
4.053641E-1	8.828526E-2	-8.694704E-4
4.616471E-1	3.055918E-2	-8.694704E-4
3.772226E-1	1.696147E-3	-8.694704E-4
3.772226E-1	-5.602993E-2	-8.694704E-4
3.772226E-1	-5.602993E-2	-8.694704E-4
4.053641E-1	-5.602993E-2	-8.694704E-4
3.772226E-1	8.828526E-2	-8.694704E-4
3.772226E-1	5.942222E-2	-8.694704E-4
2.927981E-1	1.748744E-1	-8.694704E-4
2.927981E-1	1.171483E-1	-8.694704E-4
3.209396E-1	8.828526E-2	-8.694704E-4
4.053641E-1	8.828526E-2	-8.694704E-4
3.490811E-1	3.055918E-2	-8.694704E-4
4.053641E-1	-2.716689E-2	-8.694704E-4
4.053641E-1	1.696147E-3	-8.694704E-4
4.053641E-1	-1.137560E-1	-8.694704E-4
3.209396E-1	3.055918E-2	-8.694704E-4
4.053641E-1	-2.716689E-2	-8.694704E-4
4.335056E-1	1.696147E-3	-8.694704E-4
4.053641E-1	1.696147E-3	-8.694704E-4
4.335056E-1	5.942222E-2	-8.694704E-4
4.053641E-1	3.055918E-2	-8.694704E-4
4.053641E-1	3.055918E-2	-8.694704E-4
3.490811E-1	1.748744E-1	-8.694704E-4
3.772226E-1	1.171483E-1	-8.694704E-4
3.490811E-1	2.326004E-1	-8.694704E-4
3.772226E-1	1.460113E-1	-8.694704E-4
3.772226E-1	8.828526E-2	-8.694704E-4
4.053641E-1	1.460113E-1	-8.694704E-4
3.772226E-1	3.055918E-2	-8.694704E-4
4.335056E-1	1.171483E-1	-8.694704E-4
4.616471E-1	1.171483E-1	-8.694704E-4
4.335056E-1	1.748744E-1	-8.694704E-4
4.335056E-1	8.828526E-2	-8.694704E-4
3.772226E-1	1.171483E-1	-8.694704E-4
3.772226E-1	1.748744E-1	-8.694704E-4
4.053641E-1	1.171483E-1	-8.694704E-4
2.927981E-1	5.942222E-2	-8.694704E-4
4.053641E-1	5.942222E-2	-8.694704E-4
2.927981E-1	8.828526E-2	-8.694704E-4
3.490811E-1	1.171483E-1	-8.694704E-4
4.335056E-1	-2.716689E-2	-8.694704E-4
4.053641E-1	1.696147E-3	-8.694704E-4
2.927981E-1	1.696147E-3	-8.694704E-4
4.616471E-1	1.171483E-1	-8.694704E-4
4.616471E-1	1.171483E-1	-8.694704E-4
4.335056E-1	1.460113E-1	-8.694704E-4
4.335056E-1	1.460113E-1	-8.694704E-4
4.335056E-1	2.326004E-1	-8.694704E-4
4.616471E-1	8.828526E-2	-8.694704E-4
4.053641E-1	1.748744E-1	-8.694704E-4
4.335056E-1	1.748744E-1	-8.694704E-4
3.209396E-1	1.171483E-1	-8.694704E-4
4.053641E-1	3.055918E-2	-8.694704E-4
3.209396E-1	1.460113E-1	-8.694704E-4
3.209396E-1	1.460113E-1	-8.694704E-4
3.772226E-1	1.748744E-1	-8.694704E-4
4.335056E-1	5.942222E-2	-8.694704E-4
3.772226E-1	2.037374E-1	-8.694704E-4
3.772226E-1	2.037374E-1	-8.694704E-4
4.053641E-1	1.171483E-1	-8.694704E-4
4.053641E-1	8.828526E-2	-8.694704E-4
4.897886E-1	1.171483E-1	-8.694704E-4
4.897886E-1	1.748744E-1	-8.694704E-4
4.053641E-1	1.171483E-1	-8.694704E-4
3.490811E-1	3.055918E-2	-8.694704E-4
4.616471E-1	1.171483E-1	1.851947E+0
3.209396E-1	5.942222E-2	4.956942E+0
4.335056E-1	8.828526E-2	6.616333E+0
2.927981E-1	5.942222E-2	7.680176E+0
4.335056E-1	1.748744E-1	8.428428E+0
3.772226E-1	1.171483E-1	8.682936E+0
4.053641E-1	1.748744E-1	9.034157E+0
4.897886E-1	1.748744E-1	8.886543E+0
4.053641E-1	2.037374E-1	9.161411E+0
4.335056E-1	2.037374E-1	9.365017E+0
2.927981E-1	2.037374E-1	9.359927E+0
3.772226E-1	2.037374E-1	9.573714E+0
3.490811E-1	2.037374E-1	9.629705E+0
4.053641E-1	2.614635E-1	9.787500E+0
4.053641E-1	2.903265E-1	9.578804E+0
4.335056E-1	1.171483E-1	9.349747E+0
4.053641E-1	2.037374E-1	9.370107E+0
3.772226E-1	1.460113E-1	9.599164E+0
3.209396E-1	1.460113E-1	9.843492E+0
3.772226E-1	1.460113E-1	9.614435E+0
2.646566E-1	2.037374E-1	9.823131E+0
4.335056E-1	1.460113E-1	9.879123E+0
3.490811E-1	8.828526E-2	9.680607E+0
3.772226E-1	1.696147E-3	9.756959E+0
3.772226E-1	1.696147E-3	9.879123E+0
3.772226E-1	1.696147E-3	9.868943E+0
2.927981E-1	3.055918E-2	9.940205E+0
3.772226E-1	3.055918E-2	1.009800E+1
4.335056E-1	1.696147E-3	1.010818E+1
4.053641E-1	-1.426190E-1	1.005728E+1
3.490811E-1	-8.489296E-2	9.950385E+0
4.053641E-1	-8.489296E-2	1.009800E+1
3.772226E-1	-1.137560E-1	1.017435E+1
3.209396E-1	-2.716689E-2	1.020998E+1
-2.418904E-1	3.055918E-2	1.010818E+1
4.795438E+0	5.942222E-2	1.011327E+1
3.135090E+0	1.171483E-1	1.014381E+1
3.247656E+0	8.828526E-2	1.015399E+1
4.823580E+0	1.696147E-3	1.012854E+1
3.529071E+0	5.942222E-2	1.008782E+1
4.457740E+0	3.055918E-2	9.986016E+0
7.328173E+0	-5.602993E-2	1.019471E+1
4.795438E+0	1.171483E-1	1.014381E+1
4.148184E+0	3.055918E-2	1.016926E+1
3.838627E+0	5.942222E-2	1.014381E+1
6.399504E+0	-2.716689E-2	1.012345E+1
6.934192E+0	-2.716689E-2	1.005728E+1
6.934192E+0	3.055918E-2	1.018453E+1
8.650824E+0	1.696147E-3	1.011836E+1
4.429599E+0	-2.716689E-2	1.002165E+1
5.104995E+0	1.171483E-1	1.002165E+1
5.695966E+0	1.171483E-1	1.017944E+1
6.652777E+0	-5.602993E-2	1.005728E+1
5.189419E+0	8.828526E-2	1.006746E+1
4.317033E+0	2.903265E-1	1.011836E+1
7.074900E+0	-1.714821E-1	1.014381E+1
6.399504E+0	-1.426190E-1	9.986016E+0
7.271890E+0	3.055918E-2	1.019980E+1
5.921098E+0	-2.716689E-2	1.015908E+1
6.089947E+0	3.055918E-2	1.015908E+1
5.189419E+0	5.942222E-2	1.016417E+1
5.076853E+0	1.993246E+0	1.004710E+1
5.133136E+0	3.480526E-1	1.011836E+1
5.076853E+0	3.055918E-2	1.017435E+1
5.245702E+0	4.346417E-1	1.012854E+1
6.793485E+0	1.791204E+0	1.004201E+1
7.300032E+0	7.521351E-1	1.000638E+1
5.949240E+0	7.232721E-1	1.017435E+1
6.118089E+0	8.387242E-1	1.009291E+1
6.258796E+0	5.789569E-1	9.970746E+0
8.594541E+0	8.675872E-1	1.017435E+1
6.118089E+0	4.057787E-1	1.018962E+1
7.018617E+0	1.242807E+0	1.019471E+1
8.819673E+0	1.040765E+0	1.007764E+1
6.680919E+0	6.655460E-1	1.010818E+1
6.934192E+0	8.098612E-1	1.013363E+1
6.849768E+0	5.789569E-1	1.011836E+1
7.018617E+0	1.040765E+0	1.009291E+1
6.737202E+0	1.560300E+0	1.004710E+1
6.399504E+0	1.618026E+0	9.935115E+0
7.891004E+0	2.326004E-1	9.914754E+0
5.921098E+0	1.300533E+0	1.008782E+1
6.343221E+0	9.253133E-1	1.000129E+1
7.637730E+0	1.329396E+0	1.012854E+1
6.230655E+0	1.733478E+0	1.018453E+1
6.540211E+0	1.156218E+0	1.013872E+1
6.455787E+0	2.628232E+0	1.012854E+1
6.737202E+0	1.848930E+0	1.017944E+1
6.821626E+0	2.022109E+0	1.015908E+1
7.187466E+0	7.809981E-1	1.016417E+1
6.962334E+0	3.782754E+0	1.003692E+1
6.427645E+0	2.541643E+0	9.884213E+0
6.455787E+0	2.541643E+0	1.014381E+1
6.286938E+0	3.869343E+0	9.955475E+0
7.300032E+0	1.329396E+0	9.914754E+0
6.061806E+0	3.147767E+0	1.013363E+1
7.046758E+0	3.609576E+0	1.010309E+1
7.159324E+0	5.139317E+0	1.017944E+1
7.581447E+0	3.696165E+0	1.011836E+1
6.624636E+0	3.205493E+0	1.012854E+1
6.343221E+0	4.157973E+0	1.015908E+1
6.512070E+0	2.801411E+0	1.016417E+1
6.877909E+0	1.589163E+0	1.006237E+1
7.243749E+0	2.570506E+0	1.014381E+1
7.440739E+0	3.580713E+0	1.007764E+1
8.313126E+0	3.753891E+0	1.018453E+1
7.412598E+0	3.984795E+0	1.011327E+1
6.540211E+0	2.974589E+0	1.001656E+1
6.624636E+0	3.609576E+0	1.002165E+1
7.074900E+0	3.061178E+0	1.019980E+1
7.440739E+0	2.628232E+0	1.021507E+1
7.384456E+0	1.502574E+0	1.012854E+1
7.018617E+0	2.974589E+0	9.924934E+0
7.215607E+0	4.129110E+0	1.017944E+1
7.131183E+0	2.455054E+0	1.010309E+1
7.074900E+0	2.339602E+0	1.005728E+1
7.834721E+0	3.032315E+0	1.008782E+1
7.862862E+0	1.993246E+0	1.011836E+1
7.947287E+0	3.147767E+0	1.017944E+1
7.525164E+0	2.945726E+0	1.004201E+1
7.525164E+0	4.850686E+0	1.016926E+1
7.412598E+0	4.244562E+0	1.008782E+1
7.665871E+0	2.714822E+0	1.003183E+1
7.891004E+0	3.811617E+0	1.021507E+1
7.581447E+0	2.888000E+0	1.016926E+1
7.947287E+0	2.859137E+0	1.013363E+1
7.637730E+0	3.003452E+0	1.015908E+1
7.862862E+0	3.205493E+0	1.022016E+1
8.003570E+0	2.916863E+0	1.015399E+1
7.750296E+0	3.205493E+0	1.011327E+1
7.468881E+0	3.984795E+0	1.001147E+1
7.806579E+0	3.032315E+0	1.017944E+1
7.609588E+0	3.292082E+0	1.021507E+1
8.031711E+0	3.465260E+0	1.016417E+1
7.975428E+0	3.436397E+0	1.009800E+1
7.750296E+0	3.407534E+0	1.009800E+1
8.228702E+0	3.465260E+0	1.022016E+1
8.481975E+0	2.945726E+0	1.019471E+1
8.481975E+0	4.042521E+0	1.015399E+1
7.975428E+0	3.782754E+0	1.003183E+1
8.425692E+0	4.042521E+0	1.010818E+1
8.510117E+0	3.984795E+0	1.017435E+1
8.904098E+0	4.475467E+0	1.000129E+1
8.256843E+0	4.071384E+0	1.010309E+1
8.538258E+0	4.129110E+0	1.016417E+1
8.566400E+0	4.013658E+0	1.020489E+1
8.650824E+0	4.619782E+0	1.009800E+1
8.594541E+0	4.475467E+0	1.010818E+1
1.028303E+1	4.331152E+0	1.018453E+1
8.904098E+0	4.533193E+0	1.013872E+1
8.594541E+0	4.562056E+0	9.955475E+0
8.819673E+0	4.360015E+0	1.007764E+1
8.960381E+0	4.908412E+0	1.008782E+1
9.354362E+0	4.504330E+0	1.018453E+1
8.819673E+0	4.735234E+0	1.013363E+1
9.157371E+0	4.966138E+0	9.980926E+0
9.354362E+0	4.995001E+0	1.003183E+1
9.213654E+0	5.572262E+0	1.002674E+1
9.129230E+0	5.225906E+0	1.006746E+1
9.438786E+0	5.601125E+0	1.011836E+1
9.382503E+0	5.629988E+0	9.874033E+0
9.410645E+0	6.091797E+0	1.018962E+1
9.326220E+0	5.572262E+0	1.005728E+1
9.298079E+0	5.601125E+0	1.009800E+1
9.326220E+0	5.774303E+0	1.014890E+1
9.663918E+0	5.803166E+0	1.007764E+1
9.692060E+0	6.120660E+0	1.003692E+1
9.551352E+0	6.005208E+0	1.006237E+1
9.748343E+0	6.322701E+0	1.009291E+1
9.720201E+0	6.091797E+0	9.482409E+0
9.635777E+0	5.918619E+0	1.014381E+1
9.860909E+0	5.976345E+0	1.001656E+1
1.000162E+1	5.832029E+0	9.975836E+0
1.005790E+1	6.293838E+0	1.018453E+1
9.973475E+0	6.207249E+0	9.970746E+0
9.832767E+0	6.351564E+0	1.017944E+1
1.017047E+1	6.351564E+0	1.009800E+1
1.011418E+1	6.524742E+0	1.007764E+1
1.031117E+1	6.553605E+0	1.016417E+1
1.033931E+1	6.524742E+0	1.016926E+1
1.039560E+1	6.697921E+0	1.020998E+1
1.033931E+1	6.986551E+0	1.012345E+1
1.008604E+1	6.842236E+0	1.017944E+1
1.078958E+1	7.102003E+0	1.013872E+1
1.045188E+1	7.188592E+0	1.019471E+1
1.042374E+1	7.246318E+0	1.012345E+1
1.042374E+1	7.246318E+0	1.010309E+1
1.048002E+1	7.361770E+0	1.010309E+1
1.050816E+1	7.390633E+0	1.015399E+1
1.073330E+1	7.159729E+0	1.007255E+1
1.053630E+1	7.390633E+0	1.004710E+1
1.067701E+1	7.419496E+0	1.012854E+1
1.062073E+1	7.304044E+0	1.017435E+1
1.064887E+1	7.159729E+0	1.009291E+1
1.109913E+1	7.765853E+0	1.015399E+1
1.062073E+1	7.967894E+0	1.008273E+1
1.095843E+1	8.112209E+0	9.919844E+0
1.067701E+1	8.343114E+0	1.019980E+1
1.098657E+1	8.574018E+0	1.010309E+1
1.084586E+1	7.967894E+0	1.019471E+1
1.107099E+1	7.967894E+0	1.016926E+1
1.107099E+1	8.112209E+0	1.018962E+1
1.087400E+1	8.458566E+0	1.017944E+1
1.109913E+1	8.429703E+0	1.017435E+1
1.104285E+1	8.602881E+0	1.009800E+1
1.098657E+1	8.602881E+0	1.018453E+1
1.104285E+1	8.545155E+0	1.010818E+1
1.098657E+1	8.343114E+0	1.013363E+1
1.107099E+1	8.631744E+0	1.006237E+1
1.107099E+1	8.602881E+0	1.009291E+1
1.095843E+1	8.487429E+0	1.017435E+1
1.118356E+1	8.400840E+0	9.909664E+0
1.118356E+1	8.545155E+0	9.935115E+0
1.129613E+1	8.516292E+0	1.015908E+1
1.118356E+1	8.891511E+0	1.019471E+1
1.132427E+1	8.400840E+0	1.002674E+1
1.129613E+1	8.574018E+0	1.011836E+1
1.121170E+1	8.978100E+0	1.008273E+1
1.126798E+1	8.689470E+0	1.013872E+1
1.146497E+1	8.718333E+0	9.853672E+0
1.135241E+1	8.804922E+0	1.013872E+1
1.138055E+1	8.949237E+0	1.015908E+1
1.143683E+1	8.776059E+0	1.012345E+1
1.143683E+1	9.006963E+0	1.020998E+1
1.174639E+1	9.122416E+0	1.017944E+1
1.152126E+1	9.411046E+0	1.023543E+1
1.166196E+1	9.151279E+0	1.015399E+1
1.146497E+1	9.209005E+0	1.011327E+1
1.183081E+1	9.006963E+0	1.017944E+1
1.157754E+1	9.064690E+0	1.017435E+1
1.171825E+1	9.324457E+0	1.015399E+1
1.183081E+1	9.353320E+0	1.016926E+1
1.199966E+1	9.468772E+0	9.930024E+0
1.177453E+1	9.584224E+0	1.006746E+1
1.185896E+1	9.584224E+0	9.924934E+0
1.194338E+1	9.555361E+0	9.955475E+0
1.180267E+1	9.728539E+0	1.014381E+1
1.197152E+1	9.757402E+0	9.843492E+0
1.177453E+1	9.901718E+0	1.017435E+1
1.194338E+1	1.001717E+1	9.894393E+0
1.188710E+1	9.930581E+0	1.018962E+1
1.199966E+1	1.013262E+1	1.012854E+1
1.197152E+1	1.027694E+1	9.914754E+0
1.194338E+1	1.036353E+1	1.015399E+1
1.211223E+1	1.042125E+1	1.008782E+1
1.214037E+1	1.039239E+1	1.019980E+1
1.216851E+1	1.053670E+1	1.016926E+1
1.214037E+1	1.062329E+1	1.017944E+1
1.205595E+1	1.062329E+1	1.017435E+1
1.228108E+1	1.082533E+1	1.002674E+1
1.225294E+1	1.059443E+1	1.016417E+1
1.222479E+1	1.085420E+1	1.012345E+1
1.239364E+1	1.096965E+1	9.970746E+0
1.230922E+1	1.117169E+1	1.023034E+1
1.233736E+1	1.134487E+1	1.013363E+1
1.242179E+1	1.137373E+1	9.874033E+0
1.233736E+1	1.131601E+1	1.017944E+1
1.256249E+1	1.125828E+1	9.914754E+0
1.253435E+1	1.134487E+1	1.007764E+1
1.290019E+1	1.166236E+1	1.024052E+1
1.270320E+1	1.160464E+1	1.025070E+1
1.275948E+1	1.172009E+1	1.024052E+1
1.267506E+1	1.172009E+1	1.013872E+1
1.281577E+1	1.195099E+1	9.996196E+0
1.281577E+1	1.186440E+1	1.019471E+1
1.284391E+1	1.212417E+1	1.022016E+1
1.281577E+1	1.186440E+1	1.007255E+1
1.287205E+1	1.200872E+1	1.007764E+1
1.275948E+1	1.218190E+1	1.009800E+1
1.304090E+1	1.226849E+1	1.018962E+1
1.290019E+1	1.232621E+1	1.016417E+1
1.304090E+1	1.244166E+1	1.013363E+1
1.332231E+1	1.247053E+1	1.025070E+1
1.295647E+1	1.241280E+1	9.991106E+0
1.298462E+1	1.267257E+1	9.955475E+0
1.323789E+1	1.261484E+1	1.016926E+1
1.323789E+1	1.261484E+1	1.010309E+1
1.323789E+1	1.261484E+1	1.017435E+1
1.357559E+1	1.284575E+1	1.024561E+1
1.320975E+1	1.287461E+1	1.011327E+1
1.343488E+1	1.316324E+1	1.019471E+1
1.320975E+1	1.324983E+1	1.020489E+1
1.354745E+1	1.310551E+1	1.019980E+1
1.329417E+1	1.330756E+1	1.014381E+1
1.363187E+1	1.348073E+1	1.022525E+1
1.337860E+1	1.368278E+1	1.002165E+1
1.343488E+1	1.374050E+1	1.020489E+1
1.371629E+1	1.388482E+1	1.017435E+1
1.360373E+1	1.376936E+1	1.016417E+1
1.366001E+1	1.400027E+1	9.889303E+0
1.377258E+1	1.411572E+1	1.016417E+1
1.368815E+1	1.428890E+1	1.015908E+1
1.374444E+1	1.428890E+1	1.012854E+1
1.385700E+1	1.428890E+1	1.017944E+1
1.380072E+1	1.443321E+1	1.018453E+1
1.368815E+1	1.443321E+1	1.016926E+1
1.374444E+1	1.443321E+1	1.014381E+1
1.385700E+1	1.451980E+1	1.006237E+1
1.385700E+1	1.463526E+1	1.017435E+1
1.391328E+1	1.457753E+1	1.009800E+1
1.394143E+1	1.475071E+1	1.011327E+1
1.394143E+1	1.486616E+1	1.013363E+1
1.396957E+1	1.480843E+1	9.930024E+0
1.413842E+1	1.498161E+1	1.018962E+1
1.394143E+1	1.509706E+1	9.940205E+0
1.416656E+1	1.524138E+1	1.009291E+1
1.399771E+1	1.518365E+1	1.017944E+1
1.427912E+1	1.532797E+1	1.016926E+1
1.427912E+1	1.547228E+1	1.013872E+1
1.419470E+1	1.550115E+1	1.021507E+1
1.422284E+1	1.550115E+1	9.909664E+0
1.425098E+1	1.561660E+1	1.005728E+1
1.458868E+1	1.570319E+1	1.019471E+1
1.447611E+1	1.590523E+1	1.025070E+1
1.450426E+1	1.567432E+1	1.015908E+1
1.450426E+1	1.584750E+1	1.016926E+1
1.441983E+1	1.622272E+1	1.030670E+1
1.458868E+1	1.616500E+1	1.003692E+1
1.464496E+1	1.619386E+1	1.012854E+1
1.453240E+1	1.633817E+1	1.010818E+1
1.456054E+1	1.648249E+1	1.022016E+1
1.478567E+1	1.648249E+1	1.018962E+1
1.472939E+1	1.656908E+1	1.016926E+1
1.481381E+1	1.662680E+1	1.016417E+1
1.461682E+1	1.677112E+1	1.022525E+1
1.484195E+1	1.671339E+1	1.012854E+1
1.489824E+1	1.697316E+1	1.015399E+1
1.484195E+1	1.688657E+1	1.018453E+1
1.489824E+1	1.723293E+1	1.014890E+1
1.487010E+1	1.737724E+1	1.009291E+1
1.501080E+1	1.737724E+1	1.012854E+1
1.495452E+1	1.755042E+1	1.015908E+1
1.501080E+1	1.763701E+1	1.019471E+1
1.489824E+1	1.749270E+1	1.001656E+1
1.534850E+1	1.755042E+1	9.955475E+0
1.520779E+1	1.783905E+1	1.008782E+1
1.523594E+1	1.795450E+1	1.024561E+1
1.529222E+1	1.798337E+1	1.023543E+1
1.554549E+1	1.789678E+1	1.017435E+1
1.554549E+1	1.798337E+1	1.025579E+1
1.560177E+1	1.809882E+1	1.023034E+1
1.560177E+1	1.827200E+1	1.023034E+1
1.548921E+1	1.841631E+1	1.030670E+1
1.557363E+1	1.841631E+1	1.007764E+1
1.577062E+1	1.844518E+1	1.010818E+1
1.560177E+1	1.864722E+1	1.010818E+1
1.574248E+1	1.858949E+1	1.000638E+1
1.574248E+1	1.867608E+1	1.028125E+1
1.579877E+1	1.879153E+1	9.986016E+0
1.582691E+1	1.870494E+1	1.018453E+1
1.593947E+1	1.893585E+1	1.024561E+1
1.579877E+1	1.890698E+1	1.024052E+1
1.574248E+1	1.916675E+1	1.021507E+1
1.577062E+1	1.925334E+1	1.016417E+1
1.582691E+1	1.916675E+1	1.005728E+1
1.588319E+1	1.916675E+1	1.018453E+1
1.599576E+1	1.928220E+1	1.013363E+1
1.593947E+1	1.945538E+1	1.022016E+1
1.593947E+1	1.945538E+1	9.945295E+0
1.605204E+1	1.968629E+1	1.017435E+1
1.602390E+1	1.957083E+1	1.022016E+1
1.602390E+1	1.991719E+1	1.022016E+1
1.605204E+1	1.983060E+1	1.013872E+1
1.608018E+1	1.988833E+1	1.006237E+1
1.613646E+1	1.988833E+1	1.030161E+1
1.619275E+1	2.003264E+1	1.008782E+1
1.616460E+1	2.017696E+1	1.017435E+1
1.633345E+1	2.011923E+1	1.040850E+1
1.636160E+1	2.011923E+1	1.016926E+1
1.627717E+1	2.023468E+1	1.022016E+1
1.638974E+1	2.043673E+1	1.018962E+1
1.641788E+1	2.089853E+1	1.003692E+1
1.636160E+1	2.101399E+1	1.015399E+1
1.653044E+1	2.089853E+1	9.940205E+0
1.638974E+1	2.095626E+1	1.023034E+1
1.644602E+1	2.098512E+1	1.019980E+1
1.664301E+1	2.110058E+1	1.016926E+1
1.684000E+1	2.130262E+1	1.011836E+1
1.684000E+1	2.144693E+1	1.016417E+1
1.675558E+1	2.118716E+1	1.036269E+1
1.658673E+1	2.141807E+1	1.023543E+1
1.681186E+1	2.167784E+1	1.022016E+1
1.669929E+1	2.164897E+1	1.025070E+1
1.664301E+1	2.156238E+1	1.027616E+1
1.686814E+1	2.176443E+1	1.027616E+1
1.695257E+1	2.225510E+1	1.026597E+1
1.695257E+1	2.187988E+1	1.012345E+1
1.675558E+1	2.187988E+1	1.023034E+1
1.684000E+1	2.208192E+1	1.020998E+1
1.681186E+1	2.199533E+1	1.026088E+1
1.678372E+1	2.225510E+1	1.015399E+1
1.700885E+1	2.228396E+1	1.026088E+1
1.684000E+1	2.254373E+1	1.012345E+1
1.698071E+1	2.263032E+1	1.036269E+1
1.723398E+1	2.265918E+1	1.012345E+1
1.712142E+1	2.271691E+1	1.021507E+1
1.692443E+1	2.263032E+1	1.011836E+1
1.723398E+1	2.271691E+1	1.024561E+1
1.717770E+1	2.280349E+1	1.016417E+1
1.714956E+1	2.286122E+1	1.017435E+1
1.703699E+1	2.294781E+1	1.022525E+1
1.717770E+1	2.303440E+1	1.015908E+1
1.723398E+1	2.306326E+1	1.015399E+1
1.709327E+1	2.309213E+1	1.023543E+1
1.757168E+1	2.335189E+1	1.012854E+1
1.731841E+1	2.312099E+1	1.017944E+1
1.731841E+1	2.338076E+1	1.018962E+1
1.740283E+1	2.366939E+1	1.014890E+1
1.729027E+1	2.372711E+1	1.027106E+1
1.729027E+1	2.372711E+1	1.028125E+1
1.723398E+1	2.384256E+1	1.022016E+1
1.731841E+1	2.387143E+1	1.025579E+1
1.740283E+1	2.387143E+1	1.019980E+1
1.743097E+1	2.401574E+1	8.265544E+0
1.751540E+1	2.416006E+1	5.924072E+0
1.731841E+1	2.441982E+1	4.173058E+0
1.743097E+1	2.450641E+1	2.686733E+0
1.757168E+1	2.447755E+1	1.765415E+0
1.754354E+1	2.470846E+1	1.124055E+0
1.748726E+1	2.453528E+1	5.844984E-1
1.745911E+1	2.447755E+1	4.220685E-3
1.757168E+1	2.459300E+1	-8.694704E-4
1.748726E+1	2.496822E+1	-8.694704E-4
1.740283E+1	2.531458E+1	-8.694704E-4
1.740283E+1	2.522799E+1	-8.694704E-4
1.743097E+1	2.505481E+1	-8.694704E-4
1.731841E+1	2.534344E+1	-8.694704E-4
1.743097E+1	2.525685E+1	-5.959626E-3
1.740283E+1	2.537230E+1	-8.694704E-4
1.737469E+1	2.543003E+1	-8.694704E-4
1.726212E+1	2.568980E+1	-8.694704E-4
1.731841E+1	2.586298E+1	-8.694704E-4
1.726212E+1	2.577639E+1	-8.694704E-4
1.734655E+1	2.586298E+1	-8.694704E-4
1.723398E+1	2.586298E+1	-8.694704E-4
1.720584E+1	2.574752E+1	-8.694704E-4
1.714956E+1	2.626706E+1	-8.694704E-4
1.717770E+1	2.629592E+1	-8.694704E-4
1.703699E+1	2.646910E+1	-8.694704E-4
1.706513E+1	2.632479E+1	-8.694704E-4
1.717770E+1	2.603615E+1	-8.694704E-4
1.709327E+1	2.629592E+1	-8.694704E-4
1.695257E+1	2.649796E+1	-8.694704E-4
1.703699E+1	2.632479E+1	-8.694704E-4
1.709327E+1	2.701750E+1	-8.694704E-4
1.695257E+1	2.681546E+1	-8.694704E-4
1.689628E+1	2.690205E+1	-8.694704E-4
1.684000E+1	2.672887E+1	-8.694704E-4
1.672743E+1	2.670000E+1	-8.694704E-4
1.675558E+1	2.719068E+1	-8.694704E-4
1.655859E+1	2.707522E+1	-8.694704E-4
1.661487E+1	2.695977E+1	-8.694704E-4
1.644602E+1	2.713295E+1	-8.694704E-4
1.638974E+1	2.716181E+1	-8.694704E-4
1.633345E+1	2.719068E+1	-8.694704E-4
1.616460E+1	2.716181E+1	-8.694704E-4
1.610832E+1	2.779680E+1	-8.694704E-4
1.608018E+1	2.788339E+1	-8.694704E-4
1.605204E+1	2.776794E+1	-8.694704E-4
1.596761E+1	2.765248E+1	-8.694704E-4
1.585505E+1	2.773907E+1	-8.694704E-4
1.582691E+1	2.825861E+1	-8.694704E-4
1.582691E+1	2.771021E+1	-8.694704E-4
1.568620E+1	2.848951E+1	-8.694704E-4
1.565806E+1	2.736385E+1	-8.694704E-4
1.560177E+1	2.814316E+1	-8.694704E-4
1.560177E+1	2.831633E+1	-8.694704E-4
1.546107E+1	2.834520E+1	-8.694704E-4
1.546107E+1	2.932654E+1	-8.694704E-4
1.534850E+1	2.903791E+1	-8.694704E-4
1.543293E+1	2.848951E+1	-8.694704E-4
1.537664E+1	2.860497E+1	-8.694704E-4
1.529222E+1	2.854724E+1	-8.694704E-4
1.512337E+1	2.869155E+1	-8.694704E-4
1.512337E+1	2.889360E+1	-8.694704E-4
1.503894E+1	2.926881E+1	-8.694704E-4
1.503894E+1	2.932654E+1	4.220685E-3
1.495452E+1	2.912450E+1	-8.694704E-4
1.492638E+1	2.938427E+1	-8.694704E-4
1.475753E+1	2.955745E+1	-8.694704E-4
1.467311E+1	2.975949E+1	-8.694704E-4
1.464496E+1	2.964403E+1	-8.694704E-4
1.464496E+1	2.970176E+1	-8.694704E-4
1.464496E+1	2.944199E+1	-8.694704E-4
1.447611E+1	2.999039E+1	-8.694704E-4
1.441983E+1	2.999039E+1	-8.694704E-4
1.422284E+1	2.987494E+1	-8.694704E-4
1.427912E+1	2.981721E+1	-8.694704E-4
1.425098E+1	3.042334E+1	-8.694704E-4
1.416656E+1	3.025016E+1	-8.694704E-4
1.405399E+1	3.062538E+1	-8.694704E-4
1.394143E+1	3.048106E+1	-8.694704E-4
1.394143E+1	3.045220E+1	-8.694704E-4
1.388514E+1	3.071197E+1	-8.694704E-4
1.380072E+1	3.074083E+1	-8.694704E-4
1.371629E+1	3.082742E+1	-8.694704E-4
1.360373E+1	3.088514E+1	-8.694704E-4
1.360373E+1	3.209739E+1	-8.694704E-4
1.351930E+1	3.120264E+1	-8.694704E-4
1.323789E+1	3.111605E+1	-8.694704E-4
1.329417E+1	3.146241E+1	-8.694704E-4
1.329417E+1	3.134695E+1	-8.694704E-4
1.312532E+1	3.128923E+1	-8.694704E-4
1.315346E+1	3.149127E+1	-8.694704E-4
1.304090E+1	3.134695E+1	-8.694704E-4
1.306904E+1	3.163558E+1	-8.694704E-4
1.298462E+1	3.160672E+1	-8.694704E-4
1.284391E+1	3.218398E+1	-8.694704E-4
1.281577E+1	3.180876E+1	-8.694704E-4
1.275948E+1	3.209739E+1	-8.694704E-4
1.275948E+1	3.244375E+1	-8.694704E-4
1.261878E+1	3.209739E+1	-8.694704E-4
1.256249E+1	3.192421E+1	-8.694704E-4
1.244993E+1	3.238602E+1	-8.694704E-4
1.247807E+1	3.241489E+1	-8.694704E-4
1.239364E+1	3.232830E+1	-8.694704E-4
1.230922E+1	3.232830E+1	-8.694704E-4
1.214037E+1	3.227057E+1	-8.694704E-4
1.214037E+1	3.238602E+1	-8.694704E-4
1.211223E+1	3.241489E+1	-8.694704E-4
1.211223E+1	3.253034E+1	-8.694704E-4
1.199966E+1	3.261693E+1	-8.694704E-4
1.208409E+1	3.270352E+1	-8.694704E-4
1.197152E+1	3.273238E+1	-8.694704E-4
1.194338E+1	3.264579E+1	-8.694704E-4
1.177453E+1	3.287669E+1	-8.694704E-4
1.177453E+1	3.281897E+1	-8.694704E-4
1.166196E+1	3.287669E+1	-8.694704E-4
1.169011E+1	3.296328E+1	-8.694704E-4
1.157754E+1	3.296328E+1	-8.694704E-4
1.154940E+1	3.281897E+1	-8.694704E-4
1.157754E+1	3.287669E+1	-8.694704E-4
1.143683E+1	3.328078E+1	-8.694704E-4
1.132427E+1	3.336737E+1	-8.694704E-4
1.140869E+1	3.342509E+1	-8.694704E-4
1.132427E+1	3.302101E+1	-8.694704E-4
1.118356E+1	3.359827E+1	-8.694704E-4
1.118356E+1	3.354054E+1	-8.694704E-4
1.118356E+1	3.351168E+1	-8.694704E-4
1.109913E+1	3.339623E+1	-8.694704E-4
1.104285E+1	3.368486E+1	-8.694704E-4
1.101471E+1	3.348282E+1	-8.694704E-4
1.093029E+1	3.330964E+1	-8.694704E-4
1.084586E+1	3.342509E+1	-8.694704E-4
1.084586E+1	3.368486E+1	-8.694704E-4
1.078958E+1	3.397349E+1	-8.694704E-4
1.070515E+1	3.368486E+1	-8.694704E-4
1.067701E+1	3.446416E+1	-8.694704E-4
1.056445E+1	3.368486E+1	-8.694704E-4
1.053630E+1	3.400235E+1	-8.694704E-4
1.042374E+1	3.368486E+1	-8.694704E-4
1.045188E+1	3.417553E+1	-8.694704E-4
1.039560E+1	3.446416E+1	-8.694704E-4
1.019861E+1	3.388690E+1	-8.694704E-4
1.011418E+1	3.406008E+1	-8.694704E-4
1.017047E+1	3.420439E+1	-8.694704E-4
1.008604E+1	3.434871E+1	-8.694704E-4
1.005790E+1	3.449302E+1	-8.694704E-4
1.000162E+1	3.429098E+1	-8.694704E-4
9.917192E+0	3.434871E+1	-8.694704E-4
9.776484E+0	3.457961E+1	-8.694704E-4
9.692060E+0	3.486824E+1	-8.694704E-4
9.635777E+0	3.452189E+1	-8.694704E-4
9.635777E+0	3.472393E+1	-8.694704E-4
9.523211E+0	3.469507E+1	-8.694704E-4
9.382503E+0	3.486824E+1	-8.694704E-4
9.438786E+0	3.486824E+1	-8.694704E-4
9.241796E+0	3.472393E+1	-8.694704E-4
9.298079E+0	3.498370E+1	-8.694704E-4
9.241796E+0	3.478165E+1	-8.694704E-4
9.157371E+0	3.521460E+1	-8.694704E-4
9.101088E+0	3.498370E+1	-8.694704E-4
9.016664E+0	3.533005E+1	-8.694704E-4
8.960381E+0	3.527233E+1	-8.694704E-4
8.904098E+0	3.515687E+1	-8.694704E-4
8.791532E+0	3.547437E+1	-8.694704E-4
8.707107E+0	3.518574E+1	-8.694704E-4
8.622683E+0	3.547437E+1	-8.694704E-4
8.594541E+0	3.550323E+1	-8.694704E-4
8.566400E+0	3.553209E+1	-8.694704E-4
8.481975E+0	3.558982E+1	-8.694704E-4
8.425692E+0	3.564755E+1	-8.694704E-4
8.256843E+0	3.567641E+1	-8.694704E-4
8.284985E+0	3.573413E+1	-8.694704E-4
8.284985E+0	3.579186E+1	-8.694704E-4
8.256843E+0	3.605163E+1	-8.694704E-4
8.116136E+0	3.610935E+1	-8.694704E-4
8.003570E+0	3.622481E+1	-8.694704E-4
7.862862E+0	3.625367E+1	-8.694704E-4
7.497022E+0	3.613822E+1	-8.694704E-4
7.412598E+0	3.636912E+1	-8.694704E-4
7.187466E+0	3.636912E+1	-8.694704E-4
7.159324E+0	3.645571E+1	-8.694704E-4
7.187466E+0	3.648457E+1	-8.694704E-4
7.131183E+0	3.683093E+1	-8.694704E-4
7.074900E+0	3.665775E+1	-8.694704E-4
7.074900E+0	3.674434E+1	-8.694704E-4
7.018617E+0	3.671548E+1	-8.694704E-4
6.962334E+0	3.688866E+1	-8.694704E-4
6.906051E+0	3.677320E+1	-8.694704E-4
6.849768E+0	3.688866E+1	-8.694704E-4
6.849768E+0	3.680207E+1	-8.694704E-4
6.737202E+0	3.700411E+1	-8.694704E-4
6.680919E+0	3.709070E+1	-8.694704E-4
6.596494E+0	3.717729E+1	-8.694704E-4
6.624636E+0	3.729274E+1	-8.694704E-4
6.483928E+0	3.740819E+1	-8.694704E-4
6.512070E+0	3.729274E+1	-8.694704E-4
6.399504E+0	3.726388E+1	-8.694704E-4
6.371362E+0	3.746592E+1	-8.694704E-4
6.286938E+0	3.749478E+1	-8.694704E-4
6.343221E+0	3.772568E+1	-8.694704E-4
6.230655E+0	3.775455E+1	-8.694704E-4
6.061806E+0	3.755251E+1	-8.694704E-4
6.118089E+0	3.792773E+1	-8.694704E-4
6.033664E+0	3.810090E+1	-8.694704E-4
6.005523E+0	3.781227E+1	-8.694704E-4
6.061806E+0	3.807204E+1	-8.694704E-4
5.808532E+0	3.798545E+1	-8.694704E-4
5.921098E+0	3.798545E+1	-8.694704E-4
5.695966E+0	3.804318E+1	-8.694704E-4
5.780391E+0	3.807204E+1	-8.694704E-4
5.695966E+0	3.815863E+1	-8.694704E-4
5.752249E+0	3.862044E+1	-8.694704E-4
5.667825E+0	3.859158E+1	-8.694704E-4
5.583400E+0	3.876475E+1	-8.694704E-4
5.583400E+0	3.879362E+1	-8.694704E-4
5.527117E+0	3.882248E+1	-8.694704E-4
5.470834E+0	3.882248E+1	-8.694704E-4
5.470834E+0	3.888021E+1	-8.694704E-4
5.358268E+0	3.882248E+1	-8.694704E-4
5.189419E+0	3.879362E+1	-8.694704E-4
5.245702E+0	3.899566E+1	-8.694704E-4
5.189419E+0	3.879362E+1	-8.694704E-4
5.217561E+0	3.876475E+1	-8.694704E-4
5.133136E+0	3.896680E+1	-8.694704E-4
5.104995E+0	3.890907E+1	-8.694704E-4
5.076853E+0	3.896680E+1	-8.694704E-4
5.048712E+0	3.890907E+1	-8.694704E-4
4.964287E+0	3.908225E+1	-8.694704E-4
4.739155E+0	3.902452E+1	-8.694704E-4
4.795438E+0	3.925543E+1	-8.694704E-4
4.795438E+0	3.925543E+1	-8.694704E-4
4.682872E+0	3.928429E+1	-8.694704E-4
4.711014E+0	3.934201E+1	-8.694704E-4
4.711014E+0	3.934201E+1	-8.694704E-4
4.626589E+0	3.931315E+1	-8.694704E-4
4.598448E+0	3.919770E+1	-8.694704E-4
4.485882E+0	3.954406E+1	-8.694704E-4
4.542165E+0	3.937088E+1	-8.694704E-4
4.485882E+0	3.960178E+1	-8.694704E-4
4.288891E+0	3.965951E+1	-8.694704E-4
4.373316E+0	3.963064E+1	-8.694704E-4
4.345174E+0	3.965951E+1	-8.694704E-4
4.317033E+0	3.980382E+1	-8.694704E-4
4.204467E+0	3.971723E+1	-8.694704E-4
4.204467E+0	3.951519E+1	-8.694704E-4
4.063759E+0	3.980382E+1	-8.694704E-4
4.063759E+0	3.965951E+1	-8.694704E-4
4.035618E+0	3.980382E+1	-8.694704E-4
3.951193E+0	3.989041E+1	-8.694704E-4
3.923052E+0	3.997700E+1	-8.694704E-4
3.894910E+0	3.997700E+1	-8.694704E-4
3.782344E+0	4.000586E+1	-8.694704E-4
3.782344E+0	3.989041E+1	-8.694704E-4
3.782344E+0	4.006359E+1	-8.694704E-4
3.754203E+0	4.006359E+1	-8.694704E-4
3.697920E+0	4.000586E+1	-8.694704E-4
3.669778E+0	4.000586E+1	-8.694704E-4
3.641637E+0	4.009245E+1	-8.694704E-4
3.500929E+0	4.003473E+1	-8.694704E-4
3.472788E+0	4.020791E+1	-8.694704E-4
3.444646E+0	4.023677E+1	-8.694704E-4
3.360222E+0	4.015018E+1	-8.694704E-4
3.332080E+0	4.012132E+1	-8.694704E-4
3.388363E+0	4.026563E+1	-8.694704E-4
3.360222E+0	4.049654E+1	-8.694704E-4
3.163231E+0	4.061199E+1	-8.694704E-4
3.219514E+0	4.038108E+1	-8.694704E-4
3.163231E+0	4.040995E+1	-8.694704E-4
3.219514E+0	4.038108E+1	-8.694704E-4
3.078807E+0	4.040995E+1	-8.694704E-4
3.022524E+0	4.040995E+1	-8.694704E-4
3.106948E+0	4.052540E+1	-8.694704E-4
2.994382E+0	4.049654E+1	-8.694704E-4
2.966241E+0	4.058313E+1	-8.694704E-4
2.938099E+0	4.064085E+1	-8.694704E-4
2.938099E+0	4.069858E+1	-8.694704E-4
2.909958E+0	4.058313E+1	-8.694704E-4
2.797392E+0	4.066971E+1	-8.694704E-4
2.797392E+0	4.069858E+1	-8.694704E-4
2.825533E+0	4.066971E+1	-8.694704E-4
2.600401E+0	4.084289E+1	-8.694704E-4
2.544118E+0	4.087176E+1	-8.694704E-4
2.572260E+0	4.098721E+1	-8.694704E-4
2.515977E+0	4.078517E+1	-8.694704E-4
2.572260E+0	4.092948E+1	-8.694704E-4
2.572260E+0	4.095834E+1	-8.694704E-4
2.487835E+0	4.081403E+1	-8.694704E-4
2.431552E+0	4.098721E+1	-8.694704E-4
2.375269E+0	4.104493E+1	-8.694704E-4
2.431552E+0	4.095834E+1	-8.694704E-4
2.375269E+0	4.092948E+1	-8.694704E-4
2.347128E+0	4.087176E+1	-8.694704E-4
2.234562E+0	4.101607E+1	-8.694704E-4
2.178279E+0	4.116039E+1	-8.694704E-4
2.178279E+0	4.118925E+1	-8.694704E-4
2.206420E+0	4.113152E+1	-8.694704E-4
2.065713E+0	4.110266E+1	-8.694704E-4
2.121996E+0	4.124697E+1	-8.694704E-4
2.037571E+0	4.121811E+1	-8.694704E-4
2.037571E+0	4.124697E+1	-8.694704E-4
1.896864E+0	4.127584E+1	-8.694704E-4
1.925005E+0	4.124697E+1	-8.694704E-4
1.981288E+0	4.127584E+1	-8.694704E-4
1.981288E+0	4.130470E+1	-8.694704E-4
1.446600E+0	4.144902E+1	-8.694704E-4
1.615449E+0	4.147788E+1	-8.694704E-4
1.362175E+0	4.153561E+1	-8.694704E-4
1.446600E+0	4.142015E+1	-8.694704E-4
1.446600E+0	4.144902E+1	-8.694704E-4
1.390317E+0	4.150674E+1	-8.694704E-4
1.390317E+0	4.159333E+1	-8.694704E-4
1.334034E+0	4.150674E+1	-8.694704E-4
1.221468E+0	4.162219E+1	-8.694704E-4
1.249609E+0	4.188196E+1	-8.694704E-4
1.221468E+0	4.179537E+1	-8.694704E-4
1.221468E+0	4.182424E+1	-8.694704E-4
1.165185E+0	4.179537E+1	-8.694704E-4
1.165185E+0	4.188196E+1	-8.694704E-4
1.080760E+0	4.173765E+1	-8.694704E-4
1.052619E+0	4.191082E+1	-8.694704E-4
9.681941E-1	4.182424E+1	-8.694704E-4
9.681941E-1	4.193969E+1	-8.694704E-4
9.119111E-1	4.188196E+1	-8.694704E-4
8.837696E-1	4.205514E+1	-8.694704E-4
8.837696E-1	4.191082E+1	-8.694704E-4
9.119111E-1	4.199741E+1	-8.694704E-4
7.993451E-1	4.202628E+1	-8.694704E-4
7.712036E-1	4.205514E+1	-8.694704E-4
6.586376E-1	4.225718E+1	-8.694704E-4
7.430621E-1	4.202628E+1	-8.694704E-4
6.586376E-1	4.222832E+1	-8.694704E-4
6.304961E-1	4.222832E+1	-8.694704E-4
6.586376E-1	4.208400E+1	-8.694704E-4
4.616471E-1	4.214173E+1	-8.694704E-4
4.897886E-1	4.214173E+1	-8.694704E-4
4.616471E-1	4.219946E+1	-8.694704E-4
5.179301E-1	4.231491E+1	-8.694704E-4
5.460716E-1	4.243036E+1	-8.694704E-4
4.053641E-1	4.231491E+1	-8.694704E-4
4.616471E-1	4.237263E+1	-8.694704E-4
4.053641E-1	4.243036E+1	-8.694704E-4
4.616471E-1	4.234377E+1	-8.694704E-4
2.927981E-1	4.225718E+1	-8.694704E-4
4.053641E-1	4.231491E+1	-8.694704E-4
4.335056E-1	4.243036E+1	-8.694704E-4
3.209396E-1	4.245922E+1	-8.694704E-4
3.772226E-1	4.243036E+1	-8.694704E-4
4.335056E-1	4.254581E+1	-8.694704E-4
2.083736E-1	4.248809E+1	-8.694704E-4
3.490811E-1	4.254581E+1	-8.694704E-4
2.927981E-1	4.251695E+1	-8.694704E-4
2.646566E-1	4.257467E+1	-8.694704E-4
3.209396E-1	4.260354E+1	-8.694704E-4
2.365151E-1	4.257467E+1	-8.694704E-4
2.646566E-1	4.245922E+1	-8.694704E-4
4.053641E-1	4.251695E+1	-8.694704E-4
2.927981E-1	4.257467E+1	-8.694704E-4
3.490811E-1	4.257467E+1	-8.694704E-4
3.772226E-1	4.274785E+1	-8.694704E-4
3.772226E-1	4.266126E+1	-8.694704E-4
3.772226E-1	4.271899E+1	-8.694704E-4
3.772226E-1	4.274785E+1	-8.694704E-4
2.365151E-1	4.266126E+1	-8.694704E-4
2.927981E-1	4.274785E+1	-8.694704E-4
2.927981E-1	4.266126E+1	-8.694704E-4
2.083736E-1	4.269013E+1	-8.694704E-4
3.209396E-1	4.277672E+1	-8.694704E-4
2.365151E-1	4.269013E+1	-8.694704E-4
3.209396E-1	4.271899E+1	-8.694704E-4
4.053641E-1	4.271899E+1	-8.694704E-4
2.646566E-1	4.280558E+1	-8.694704E-4
3.490811E-1	4.286330E+1	-8.694704E-4
3.209396E-1	4.274785E+1	-8.694704E-4
2.083736E-1	4.277672E+1	-8.694704E-4
3.772226E-1	4.280558E+1	-8.694704E-4
3.490811E-1	4.277672E+1	-8.694704E-4
2.927981E-1	4.283444E+1	-8.694704E-4
2.646566E-1	4.280558E+1	-8.694704E-4
2.646566E-1	4.280558E+1	-8.694704E-4
2.646566E-1	4.283444E+1	-8.694704E-4
3.209396E-1	4.280558E+1	-8.694704E-4
3.490811E-1	4.274785E+1	-8.694704E-4
2.927981E-1	4.274785E+1	-8.694704E-4
3.209396E-1	4.277672E+1	-8.694704E-4
3.490811E-1	4.292103E+1	-8.694704E-4
3.490811E-1	4.286330E+1	-8.694704E-4
2.927981E-1	4.271899E+1	-8.694704E-4
2.927981E-1	4.277672E+1	-8.694704E-4
2.927981E-1	4.277672E+1	-8.694704E-4
3.490811E-1	4.280558E+1	-8.694704E-4
3.490811E-1	4.280558E+1	-8.694704E-4
2.927981E-1	4.280558E+1	-8.694704E-4
3.490811E-1	4.274785E+1	-8.694704E-4
2.927981E-1	4.283444E+1	-8.694704E-4
2.646566E-1	4.280558E+1	-8.694704E-4
3.772226E-1	4.271899E+1	-8.694704E-4
3.209396E-1	4.283444E+1	-8.694704E-4
3.772226E-1	4.289217E+1	-8.694704E-4
2.927981E-1	4.277672E+1	-8.694704E-4
3.209396E-1	4.280558E+1	-8.694704E-4
3.209396E-1	4.286330E+1	-8.694704E-4
3.209396E-1	4.277672E+1	-8.694704E-4
2.927981E-1	4.289217E+1	-8.694704E-4
2.927981E-1	4.286330E+1	-8.694704E-4
2.646566E-1	4.280558E+1	-8.694704E-4
2.927981E-1	4.292103E+1	-8.694704E-4
2.646566E-1	4.283444E+1	-8.694704E-4
3.209396E-1	4.277672E+1	-8.694704E-4
2.365151E-1	4.277672E+1	-8.694704E-4
3.209396E-1	4.283444E+1	-8.694704E-4
2.927981E-1	4.289217E+1	-8.694704E-4
3.772226E-1	4.292103E+1	-8.694704E-4
2.927981E-1	4.283444E+1	-8.694704E-4
3.772226E-1	4.292103E+1	-8.694704E-4
2.927981E-1	4.294989E+1	-8.694704E-4
2.646566E-1	4.292103E+1	-8.694704E-4
2.927981E-1	4.286330E+1	-8.694704E-4
3.209396E-1	4.292103E+1	-8.694704E-4
1.802321E-1	4.292103E+1	-8.694704E-4
2.927981E-1	4.283444E+1	-8.694704E-4
2.365151E-1	4.289217E+1	-8.694704E-4
3.490811E-1	4.289217E+1	-8.694704E-4
2.927981E-1	4.294989E+1	-8.694704E-4
2.365151E-1	4.283444E+1	-8.694704E-4
2.927981E-1	4.283444E+1	-8.694704E-4
2.365151E-1	4.292103E+1	-8.694704E-4
2.365151E-1	4.283444E+1	-8.694704E-4
3.209396E-1	4.277672E+1	-8.694704E-4
2.927981E-1	4.292103E+1	-8.694704E-4
2.646566E-1	4.292103E+1	-8.694704E-4
2.365151E-1	4.292103E+1	-8.694704E-4
3.209396E-1	4.294989E+1	-8.694704E-4
2.646566E-1	4.300762E+1	-8.694704E-4
2.646566E-1	4.300762E+1	-8.694704E-4
2.927981E-1	4.289217E+1	-8.694704E-4
3.772226E-1	4.286330E+1	-8.694704E-4
3.209396E-1	4.294989E+1	-8.694704E-4
3.772226E-1	4.312307E+1	-8.694704E-4
2.083736E-1	4.300762E+1	-8.694704E-4
3.209396E-1	4.289217E+1	-8.694704E-4
3.490811E-1	4.289217E+1	-8.694704E-4
2.927981E-1	4.280558E+1	-8.694704E-4
2.927981E-1	4.294989E+1	-8.694704E-4
2.083736E-1	4.289217E+1	-8.694704E-4
3.209396E-1	4.283444E+1	-8.694704E-4
2.083736E-1	4.294989E+1	-8.694704E-4
2.927981E-1	4.286330E+1	-8.694704E-4
3.772226E-1	4.283444E+1	-8.694704E-4
3.209396E-1	4.294989E+1	-8.694704E-4
2.365151E-1	4.292103E+1	-8.694704E-4
3.209396E-1	4.297876E+1	-8.694704E-4
2.646566E-1	4.294989E+1	4.220685E-3
2.927981E-1	4.292103E+1	-8.694704E-4
2.083736E-1	4.283444E+1	-8.694704E-4
2.365151E-1	4.289217E+1	-8.694704E-4
3.772226E-1	4.289217E+1	-8.694704E-4
2.646566E-1	4.292103E+1	-8.694704E-4
2.083736E-1	4.289217E+1	-8.694704E-4
3.209396E-1	4.292103E+1	-8.694704E-4
2.927981E-1	4.280558E+1	-8.694704E-4
3.490811E-1	4.289217E+1	-8.694704E-4
2.927981E-1	4.292103E+1	-8.694704E-4
2.927981E-1	4.289217E+1	-8.694704E-4
2.927981E-1	4.286330E+1	-8.694704E-4
2.365151E-1	4.280558E+1	-8.694704E-4
2.927981E-1	4.292103E+1	-8.694704E-4
2.646566E-1	4.289217E+1	-8.694704E-4
3.490811E-1	4.280558E+1	-8.694704E-4
2.083736E-1	4.289217E+1	-8.694704E-4
2.646566E-1	4.289217E+1	-8.694704E-4
3.209396E-1	4.286330E+1	-8.694704E-4
2.365151E-1	4.271899E+1	-8.694704E-4
1.802321E-1	4.254581E+1	-8.694704E-4
2.927981E-1	3.983269E+1	-8.694704E-4
2.927981E-1	4.396010E+1	-8.694704E-4
2.646566E-1	4.447963E+1	-8.694704E-4
3.209396E-1	4.286330E+1	-8.694704E-4
2.646566E-1	4.202628E+1	-8.694704E-4
2.927981E-1	4.211287E+1	-8.694704E-4
2.927981E-1	4.225718E+1	-8.694704E-4
3.209396E-1	4.225718E+1	-8.694704E-4
3.209396E-1	4.205514E+1	-8.694704E-4
3.772226E-1	4.156447E+1	-8.694704E-4
2.365151E-1	4.162219E+1	-8.694704E-4
3.490811E-1	4.173765E+1	-8.694704E-4
3.209396E-1	4.182424E+1	-8.694704E-4
2.365151E-1	4.159333E+1	-8.694704E-4
2.927981E-1	4.165106E+1	-8.694704E-4
3.209396E-1	4.165106E+1	-8.694704E-4
2.365151E-1	4.150674E+1	-8.694704E-4
3.490811E-1	4.127584E+1	-8.694704E-4
3.209396E-1	4.127584E+1	-8.694704E-4
2.927981E-1	4.127584E+1	-8.694704E-4
2.365151E-1	4.118925E+1	-8.694704E-4
2.646566E-1	4.104493E+1	-8.694704E-4
2.646566E-1	4.098721E+1	-8.694704E-4
3.772226E-1	4.087176E+1	-8.694704E-4
3.209396E-1	4.069858E+1	-8.694704E-4
2.927981E-1	4.084289E+1	-8.694704E-4
3.209396E-1	4.061199E+1	-8.694704E-4
3.490811E-1	4.049654E+1	-8.694704E-4
2.365151E-1	4.043881E+1	-8.694704E-4
3.490811E-1	4.032336E+1	-8.694704E-4
3.490811E-1	4.029449E+1	4.220685E-3
3.490811E-1	4.012132E+1	-8.694704E-4
3.209396E-1	4.015018E+1	-8.694704E-4
2.927981E-1	4.006359E+1	-8.694704E-4
3.209396E-1	3.997700E+1	-8.694704E-4
2.927981E-1	3.986155E+1	-8.694704E-4
3.209396E-1	3.980382E+1	-8.694704E-4
2.646566E-1	3.986155E+1	-8.694704E-4
2.927981E-1	3.986155E+1	-8.694704E-4
1.802321E-1	3.974610E+1	-8.694704E-4
2.365151E-1	3.954406E+1	-8.694704E-4
2.083736E-1	3.945747E+1	-8.694704E-4
2.927981E-1	3.945747E+1	-8.694704E-4
2.365151E-1	3.939974E+1	-8.694704E-4
2.646566E-1	3.928429E+1	-8.694704E-4
2.365151E-1	3.931315E+1	-8.694704E-4
2.646566E-1	3.919770E+1	-8.694704E-4
2.365151E-1	3.916884E+1	-8.694704E-4
2.083736E-1	3.896680E+1	-8.694704E-4
2.927981E-1	3.873589E+1	-8.694704E-4
4.897886E-1	3.885134E+1	-8.694704E-4
2.927981E-1	3.859158E+1	-8.694704E-4
2.646566E-1	3.850499E+1	-8.694704E-4
3.490811E-1	3.844726E+1	-8.694704E-4
2.646566E-1	3.833181E+1	-8.694704E-4
3.772226E-1	3.807204E+1	-8.694704E-4
2.927981E-1	3.798545E+1	-8.694704E-4
2.646566E-1	3.787000E+1	-8.694704E-4
2.927981E-1	3.784114E+1	-8.694704E-4
1.802321E-1	3.769682E+1	-8.694704E-4
2.927981E-1	3.772568E+1	-8.694704E-4
4.053641E-1	3.755251E+1	-8.694704E-4
3.772226E-1	3.740819E+1	-8.694704E-4
3.209396E-1	3.729274E+1	-8.694704E-4
1.239491E-1	3.726388E+1	-8.694704E-4
3.209396E-1	3.732160E+1	-8.694704E-4
2.365151E-1	3.714842E+1	-8.694704E-4
2.083736E-1	3.697525E+1	-8.694704E-4
3.490811E-1	3.694638E+1	-8.694704E-4
3.209396E-1	3.688866E+1	-8.694704E-4
2.927981E-1	3.677320E+1	-8.694704E-4
2.646566E-1	3.665775E+1	-8.694704E-4
2.646566E-1	3.665775E+1	-8.694704E-4
2.927981E-1	3.645571E+1	-8.694704E-4
2.365151E-1	3.622481E+1	-8.694704E-4
2.646566E-1	3.616708E+1	-8.694704E-4
2.083736E-1	3.613822E+1	-8.694704E-4
2.927981E-1	3.608049E+1	-8.694704E-4
2.365151E-1	3.584959E+1	-8.694704E-4
2.365151E-1	3.587845E+1	-8.694704E-4
2.365151E-1	3.576300E+1	-8.694704E-4
3.490811E-1	3.573413E+1	-8.694704E-4
2.083736E-1	3.561868E+1	-8.694704E-4
2.083736E-1	3.556096E+1	-8.694704E-4
2.083736E-1	3.541664E+1	-8.694704E-4
3.209396E-1	3.541664E+1	-8.694704E-4
3.490811E-1	3.527233E+1	-8.694704E-4
2.927981E-1	3.521460E+1	-8.694704E-4
2.646566E-1	3.512801E+1	-8.694704E-4
2.646566E-1	3.501256E+1	-8.694704E-4
1.802321E-1	3.492597E+1	-8.694704E-4
4.053641E-1	3.483938E+1	-8.694704E-4
2.927981E-1	3.472393E+1	-8.694704E-4
3.209396E-1	3.463734E+1	-8.694704E-4
2.083736E-1	3.452189E+1	-8.694704E-4
2.927981E-1	3.443530E+1	-8.694704E-4
2.083736E-1	3.429098E+1	-8.694704E-4
3.209396E-1	3.429098E+1	-8.694704E-4
2.083736E-1	3.426212E+1	-8.694704E-4
2.646566E-1	3.417553E+1	-8.694704E-4
2.083736E-1	3.397349E+1	-8.694704E-4
2.646566E-1	3.391576E+1	-8.694704E-4
2.083736E-1	3.385804E+1	-8.694704E-4
2.646566E-1	3.380031E+1	-8.694704E-4
3.209396E-1	3.356941E+1	-8.694704E-4
2.365151E-1	3.354054E+1	-8.694704E-4
2.083736E-1	3.348282E+1	-8.694704E-4
2.646566E-1	3.333850E+1	-8.694704E-4
3.209396E-1	3.333850E+1	-8.694704E-4
2.365151E-1	3.330964E+1	-8.694704E-4
2.083736E-1	3.316532E+1	-8.694704E-4
2.365151E-1	3.299215E+1	-8.694704E-4
2.365151E-1	3.296328E+1	-8.694704E-4
2.365151E-1	3.290556E+1	-8.694704E-4
2.083736E-1	3.281897E+1	-8.694704E-4
2.646566E-1	3.267465E+1	-8.694704E-4
2.927981E-1	3.264579E+1	-8.694704E-4
2.365151E-1	3.250147E+1	-8.694704E-4
2.646566E-1	3.244375E+1	-8.694704E-4
2.083736E-1	3.241489E+1	-8.694704E-4
2.646566E-1	3.227057E+1	-8.694704E-4
2.927981E-1	3.218398E+1	-8.694704E-4
2.927981E-1	3.198194E+1	-8.694704E-4
2.083736E-1	3.203967E+1	-8.694704E-4
2.646566E-1	3.186649E+1	-8.694704E-4
2.927981E-1	3.175104E+1	-8.694704E-4
3.209396E-1	3.172217E+1	-8.694704E-4
2.646566E-1	3.175104E+1	-8.694704E-4
2.083736E-1	3.143354E+1	-8.694704E-4
2.927981E-1	3.137582E+1	-8.694704E-4
2.646566E-1	3.137582E+1	-8.694704E-4
2.365151E-1	3.126036E+1	-8.694704E-4
2.927981E-1	3.131809E+1	-8.694704E-4
2.365151E-1	3.117378E+1	-8.694704E-4
3.209396E-1	3.100060E+1	-8.694704E-4
2.083736E-1	3.091401E+1	-8.694704E-4
3.209396E-1	3.091401E+1	-8.694704E-4
2.365151E-1	3.074083E+1	-8.694704E-4
3.490811E-1	3.065424E+1	-8.694704E-4
2.083736E-1	3.056765E+1	-8.694704E-4
2.083736E-1	3.048106E+1	-8.694704E-4
3.772226E-1	3.050993E+1	-8.694704E-4
2.365151E-1	3.027902E+1	-8.694704E-4
3.209396E-1	3.019243E+1	-8.694704E-4
2.646566E-1	3.022130E+1	-8.694704E-4
1.802321E-1	2.990380E+1	-8.694704E-4
3.209396E-1	2.984608E+1	-8.694704E-4
3.772226E-1	2.975949E+1	-8.694704E-4
2.646566E-1	2.975949E+1	-8.694704E-4
2.927981E-1	2.973062E+1	-8.694704E-4
3.209396E-1	2.949972E+1	-8.694704E-4
2.365151E-1	2.952858E+1	-8.694704E-4
2.365151E-1	2.929768E+1	-8.694704E-4
2.365151E-1	2.921109E+1	-8.694704E-4
2.365151E-1	2.912450E+1	-8.694704E-4
3.209396E-1	2.903791E+1	-8.694704E-4
2.927981E-1	2.892246E+1	-8.694704E-4
3.490811E-1	2.863383E+1	-8.694704E-4
3.490811E-1	2.857610E+1	-8.694704E-4
2.365151E-1	2.834520E+1	-8.694704E-4
3.209396E-1	2.822975E+1	-8.694704E-4
2.646566E-1	2.831633E+1	-8.694704E-4
2.083736E-1	2.802770E+1	-8.694704E-4
3.209396E-1	2.791225E+1	-8.694704E-4
2.365151E-1	2.782566E+1	-8.694704E-4
2.365151E-1	2.785453E+1	-8.694704E-4
2.083736E-1	2.759476E+1	-8.694704E-4
2.083736E-1	2.736385E+1	-8.694704E-4
2.365151E-1	2.724840E+1	-8.694704E-4
3.490811E-1	2.721954E+1	-8.694704E-4
2.646566E-1	2.710409E+1	-8.694704E-4
2.646566E-1	2.690205E+1	-8.694704E-4
3.209396E-1	2.684432E+1	-8.694704E-4
2.646566E-1	2.675773E+1	-8.694704E-4
2.083736E-1	2.667114E+1	-8.694704E-4
1.802321E-1	2.652683E+1	-8.694704E-4
2.083736E-1	2.655569E+1	-8.694704E-4
1.802321E-1	2.646910E+1	-8.694704E-4
2.927981E-1	2.638251E+1	-8.694704E-4
2.083736E-1	2.629592E+1	-8.694704E-4
2.365151E-1	2.620933E+1	-8.694704E-4
2.365151E-1	2.618047E+1	-8.694704E-4
2.927981E-1	2.600729E+1	-8.694704E-4
2.646566E-1	2.571866E+1	-8.694704E-4
2.083736E-1	2.580525E+1	-8.694704E-4
2.646566E-1	2.571866E+1	-8.694704E-4
2.083736E-1	2.571866E+1	-8.694704E-4
2.927981E-1	2.560321E+1	-8.694704E-4
2.927981E-1	2.505481E+1	-8.694704E-4
2.365151E-1	2.543003E+1	-8.694704E-4
1.802321E-1	2.545889E+1	-8.694704E-4
2.365151E-1	2.519913E+1	-8.694704E-4
3.209396E-1	2.517026E+1	-8.694704E-4
2.646566E-1	2.505481E+1	-8.694704E-4
2.927981E-1	2.493936E+1	-8.694704E-4
2.927981E-1	2.482391E+1	-8.694704E-4
2.927981E-1	2.473732E+1	-8.694704E-4
2.927981E-1	2.476618E+1	-8.694704E-4
2.365151E-1	2.462187E+1	-8.694704E-4
2.365151E-1	2.450641E+1	-8.694704E-4
2.083736E-1	2.441982E+1	-8.694704E-4
3.209396E-1	2.427551E+1	-8.694704E-4
3.209396E-1	2.433324E+1	-8.694704E-4
3.209396E-1	2.427551E+1	-8.694704E-4
2.365151E-1	2.413119E+1	-8.694704E-4
3.209396E-1	2.407347E+1	-8.694704E-4
2.646566E-1	2.401574E+1	-8.694704E-4
3.772226E-1	2.392915E+1	-8.694704E-4
2.927981E-1	2.375597E+1	-8.694704E-4
2.646566E-1	2.369825E+1	-8.694704E-4
2.927981E-1	2.361166E+1	-8.694704E-4
2.083736E-1	2.361166E+1	-8.694704E-4
2.365151E-1	2.340962E+1	-8.694704E-4
2.927981E-1	2.335189E+1	-8.694704E-4
2.365151E-1	2.317871E+1	-8.694704E-4
2.646566E-1	2.312099E+1	-8.694704E-4
2.365151E-1	2.306326E+1	-8.694704E-4
3.209396E-1	2.294781E+1	-8.694704E-4
2.927981E-1	2.289008E+1	-8.694704E-4
2.927981E-1	2.277463E+1	-8.694704E-4
2.083736E-1	2.265918E+1	-8.694704E-4
2.927981E-1	2.265918E+1	-8.694704E-4
2.083736E-1	2.254373E+1	-8.694704E-4
2.365151E-1	2.251486E+1	-8.694704E-4
2.646566E-1	2.242828E+1	-8.694704E-4
1.802321E-1	2.242828E+1	-8.694704E-4
3.209396E-1	2.231282E+1	-8.694704E-4
2.365151E-1	2.219737E+1	-8.694704E-4
3.209396E-1	2.216851E+1	-8.694704E-4
2.646566E-1	2.199533E+1	-8.694704E-4
2.083736E-1	2.190874E+1	-8.694704E-4
2.365151E-1	2.187988E+1	-8.694704E-4
2.646566E-1	2.190874E+1	-8.694704E-4
2.083736E-1	2.173556E+1	-8.694704E-4
2.365151E-1	2.167784E+1	-8.694704E-4
2.927981E-1	2.164897E+1	-8.694704E-4
3.209396E-1	2.156238E+1	-8.694704E-4
2.365151E-1	2.150466E+1	-8.694704E-4
2.646566E-1	2.141807E+1	-8.694704E-4
2.646566E-1	2.141807E+1	-8.694704E-4
2.927981E-1	2.124489E+1	-8.694704E-4
3.490811E-1	2.130262E+1	-8.694704E-4
2.646566E-1	2.121603E+1	-8.694704E-4
2.365151E-1	2.104285E+1	-8.694704E-4
2.083736E-1	2.095626E+1	-8.694704E-4
2.646566E-1	2.095626E+1	-8.694704E-4
2.927981E-1	2.084081E+1	-8.694704E-4
2.365151E-1	2.075422E+1	-8.694704E-4
2.083736E-1	2.063877E+1	-8.694704E-4
1.520906E-1	2.066763E+1	-8.694704E-4
2.365151E-1	2.049445E+1	-8.694704E-4
2.365151E-1	2.046559E+1	-8.694704E-4
2.365151E-1	2.035014E+1	-8.694704E-4
2.927981E-1	2.035014E+1	-8.694704E-4
3.209396E-1	2.017696E+1	-8.694704E-4
2.083736E-1	2.017696E+1	-8.694704E-4
1.802321E-1	2.009037E+1	-8.694704E-4
2.083736E-1	2.003264E+1	-8.694704E-4
3.209396E-1	1.985947E+1	-8.694704E-4
1.520906E-1	1.983060E+1	-8.694704E-4
2.083736E-1	1.980174E+1	-8.694704E-4
2.083736E-1	1.974401E+1	-8.694704E-4
3.490811E-1	1.962856E+1	-8.694704E-4
2.927981E-1	1.951311E+1	-8.694704E-4
3.209396E-1	1.951311E+1	-8.694704E-4
3.209396E-1	1.939766E+1	-8.694704E-4
4.335056E-1	1.933993E+1	-8.694704E-4
2.365151E-1	1.933993E+1	-8.694704E-4
2.927981E-1	1.919562E+1	-8.694704E-4
2.365151E-1	1.910903E+1	-8.694704E-4
2.083736E-1	1.905130E+1	-8.694704E-4
2.927981E-1	1.902244E+1	-8.694704E-4
2.365151E-1	1.893585E+1	-8.694704E-4
2.083736E-1	1.882040E+1	-8.694704E-4
2.365151E-1	1.879153E+1	-8.694704E-4
3.209396E-1	1.870494E+1	-8.694704E-4
3.209396E-1	1.873381E+1	-8.694704E-4
2.927981E-1	1.856063E+1	-8.694704E-4
2.646566E-1	1.850290E+1	-8.694704E-4
2.365151E-1	1.841631E+1	-8.694704E-4
2.083736E-1	1.838745E+1	-8.694704E-4
2.083736E-1	1.812768E+1	-8.694704E-4
2.365151E-1	1.806996E+1	-8.694704E-4
2.646566E-1	1.798337E+1	-8.694704E-4
2.365151E-1	1.798337E+1	-8.694704E-4
3.490811E-1	1.792564E+1	-8.694704E-4
2.646566E-1	1.778133E+1	-8.694704E-4
2.927981E-1	1.778133E+1	-8.694704E-4
2.927981E-1	1.763701E+1	-8.694704E-4
2.083736E-1	1.746383E+1	-8.694704E-4
2.083736E-1	1.746383E+1	-8.694704E-4
2.365151E-1	1.737724E+1	-8.694704E-4
2.646566E-1	1.734838E+1	-8.694704E-4
2.646566E-1	1.717520E+1	4.220685E-3
2.927981E-1	1.717520E+1	-8.694704E-4
3.209396E-1	1.708861E+1	-8.694704E-4
2.646566E-1	1.691544E+1	-8.694704E-4
2.365151E-1	1.688657E+1	-8.694704E-4
2.365151E-1	1.679998E+1	-8.694704E-4
1.239491E-1	1.677112E+1	-8.694704E-4
3.209396E-1	1.665567E+1	-8.694704E-4
2.646566E-1	1.645363E+1	-8.694704E-4
2.083736E-1	1.648249E+1	-8.694704E-4
2.083736E-1	1.645363E+1	-8.694704E-4
2.365151E-1	1.633817E+1	-8.694704E-4
2.646566E-1	1.628045E+1	-8.694704E-4
3.772226E-1	1.625159E+1	-8.694704E-4
3.209396E-1	1.613613E+1	-8.694704E-4
2.365151E-1	1.602068E+1	-8.694704E-4
2.083736E-1	1.596296E+1	-8.694704E-4
2.927981E-1	1.587637E+1	-8.694704E-4
2.646566E-1	1.590523E+1	-8.694704E-4
2.646566E-1	1.576091E+1	-8.694704E-4
2.365151E-1	1.578978E+1	-8.694704E-4
2.646566E-1	1.561660E+1	-8.694704E-4
2.083736E-1	1.561660E+1	-8.694704E-4
2.646566E-1	1.547228E+1	-8.694704E-4
1.802321E-1	1.541456E+1	-8.694704E-4
2.365151E-1	1.547228E+1	-8.694704E-4
2.365151E-1	1.527024E+1	-8.694704E-4
2.365151E-1	1.535683E+1	-8.694704E-4
2.083736E-1	1.512593E+1	-8.694704E-4
2.646566E-1	1.503934E+1	-8.694704E-4
2.927981E-1	1.480843E+1	-8.694704E-4
3.209396E-1	1.489502E+1	-8.694704E-4
2.646566E-1	1.472184E+1	-8.694704E-4
2.365151E-1	1.472184E+1	-8.694704E-4
2.365151E-1	1.463526E+1	-8.694704E-4
2.646566E-1	1.460639E+1	-8.694704E-4
2.365151E-1	1.449094E+1	-8.694704E-4
2.083736E-1	1.437549E+1	-8.694704E-4
2.927981E-1	1.420231E+1	-8.694704E-4
2.646566E-1	1.423117E+1	-8.694704E-4
2.365151E-1	1.420231E+1	-8.694704E-4
2.646566E-1	1.405799E+1	-8.694704E-4
2.083736E-1	1.405799E+1	4.220685E-3
2.365151E-1	1.397141E+1	-8.694704E-4
3.209396E-1	1.388482E+1	-8.694704E-4
2.365151E-1	1.379823E+1	-8.694704E-4
2.927981E-1	1.371164E+1	-8.694704E-4
1.520906E-1	1.362505E+1	-8.694704E-4
3.209396E-1	1.368278E+1	-8.694704E-4
1.802321E-1	1.350960E+1	-8.694704E-4
2.083736E-1	1.350960E+1	-8.694704E-4
2.365151E-1	1.336528E+1	-8.694704E-4
3.209396E-1	1.333642E+1	-8.694704E-4
2.927981E-1	1.327869E+1	4.220685E-3
2.646566E-1	1.327869E+1	-8.694704E-4
3.772226E-1	1.316324E+1	-8.694704E-4
2.646566E-1	1.310551E+1	-8.694704E-4
3.209396E-1	1.307665E+1	-8.694704E-4
3.490811E-1	1.299006E+1	-8.694704E-4
2.927981E-1	1.281688E+1	-8.694704E-4
1.520906E-1	1.281688E+1	-8.694704E-4
2.083736E-1	1.273030E+1	-8.694704E-4
2.646566E-1	1.267257E+1	-8.694704E-4
2.365151E-1	1.267257E+1	-8.694704E-4
2.365151E-1	1.249939E+1	-8.694704E-4
2.365151E-1	1.235508E+1	-8.694704E-4
2.365151E-1	1.247053E+1	-8.694704E-4
2.083736E-1	1.241280E+1	-8.694704E-4
2.646566E-1	1.241280E+1	-8.694704E-4
2.646566E-1	1.226849E+1	-8.694704E-4
2.927981E-1	1.223962E+1	-8.694704E-4
1.802321E-1	1.206645E+1	-8.694704E-4
2.927981E-1	1.200872E+1	-8.694704E-4
2.646566E-1	1.197986E+1	-8.694704E-4
2.365151E-1	1.186440E+1	-8.694704E-4
1.802321E-1	1.174895E+1	-8.694704E-4
2.083736E-1	1.172009E+1	-8.694704E-4
2.083736E-1	1.163350E+1	-8.694704E-4
1.802321E-1	1.166236E+1	-8.694704E-4
3.772226E-1	1.143146E+1	-8.694704E-4
2.083736E-1	1.154691E+1	-8.694704E-4
2.083736E-1	1.143146E+1	-8.694704E-4
2.365151E-1	1.134487E+1	-8.694704E-4
1.802321E-1	1.128714E+1	-8.694704E-4
2.365151E-1	1.120055E+1	-8.694704E-4
2.365151E-1	1.117169E+1	-8.694704E-4
1.802321E-1	1.111397E+1	-8.694704E-4
2.365151E-1	1.099851E+1	-8.694704E-4
2.365151E-1	1.094079E+1	-8.694704E-4
3.772226E-1	1.085420E+1	-8.694704E-4
2.083736E-1	1.082533E+1	-8.694704E-4
2.083736E-1	1.088306E+1	-8.694704E-4
2.646566E-1	1.082533E+1	-8.694704E-4
2.927981E-1	1.073875E+1	-8.694704E-4
2.365151E-1	1.062329E+1	-8.694704E-4
2.365151E-1	1.050784E+1	-8.694704E-4
2.646566E-1	1.042125E+1	-8.694704E-4
2.927981E-1	1.042125E+1	-8.694704E-4
2.927981E-1	1.042125E+1	-8.694704E-4
2.365151E-1	1.027694E+1	-8.694704E-4
3.209396E-1	1.030580E+1	-8.694704E-4
1.520906E-1	1.016148E+1	-8.694704E-4
2.927981E-1	1.001717E+1	-8.694704E-4
2.646566E-1	1.004603E+1	-8.694704E-4
2.083736E-1	1.016148E+1	-8.694704E-4
2.365151E-1	1.004603E+1	-8.694704E-4
2.365151E-1	1.001717E+1	-8.694704E-4
2.365151E-1	9.930581E+0	-8.694704E-4
1.802321E-1	9.786265E+0	-8.694704E-4
2.365151E-1	9.699676E+0	-8.694704E-4
2.646566E-1	9.786265E+0	-8.694704E-4
1.802321E-1	9.641950E+0	-8.694704E-4
2.083736E-1	9.497635E+0	-8.694704E-4
3.209396E-1	9.411046E+0	-8.694704E-4
2.083736E-1	9.353320E+0	-8.694704E-4
2.365151E-1	9.324457E+0	-8.694704E-4
2.927981E-1	9.382183E+0	-8.694704E-4
2.927981E-1	9.295594E+0	-8.694704E-4
2.646566E-1	9.093553E+0	-8.694704E-4
2.646566E-1	9.122416E+0	-8.694704E-4
2.365151E-1	8.978100E+0	-8.694704E-4
2.646566E-1	9.035826E+0	-8.694704E-4
1.802321E-1	8.920374E+0	-8.694704E-4
2.365151E-1	8.920374E+0	-8.694704E-4
2.365151E-1	8.776059E+0	-8.694704E-4
1.239491E-1	8.776059E+0	-8.694704E-4
3.209396E-1	8.776059E+0	-8.694704E-4
2.646566E-1	8.660607E+0	-8.694704E-4
2.646566E-1	8.545155E+0	-8.694704E-4
2.083736E-1	8.487429E+0	-8.694704E-4
2.083736E-1	8.458566E+0	-8.694704E-4
2.083736E-1	8.458566E+0	-8.694704E-4
2.365151E-1	8.371977E+0	-8.694704E-4
3.772226E-1	8.227661E+0	-8.694704E-4
2.646566E-1	8.314251E+0	-8.694704E-4
2.927981E-1	8.285388E+0	-8.694704E-4
2.646566E-1	8.083346E+0	-8.694704E-4
2.083736E-1	8.025620E+0	-8.694704E-4
2.083736E-1	8.025620E+0	-8.694704E-4
1.520906E-1	7.996757E+0	-8.694704E-4
2.646566E-1	7.823579E+0	-8.694704E-4
2.365151E-1	7.823579E+0	-8.694704E-4
2.365151E-1	7.823579E+0	-8.694704E-4
1.802321E-1	7.679264E+0	-8.694704E-4
2.083736E-1	7.534949E+0	-8.694704E-4
2.365151E-1	7.679264E+0	-8.694704E-4
2.365151E-1	7.534949E+0	-8.694704E-4
4.335056E-1	7.477223E+0	-8.694704E-4
2.927981E-1	7.506086E+0	-8.694704E-4
2.927981E-1	7.390633E+0	-8.694704E-4
2.365151E-1	7.419496E+0	-8.694704E-4
2.927981E-1	7.361770E+0	-8.694704E-4
2.083736E-1	7.361770E+0	-8.694704E-4
2.365151E-1	7.246318E+0	-8.694704E-4
1.802321E-1	7.130866E+0	-8.694704E-4
2.083736E-1	7.130866E+0	-8.694704E-4
3.490811E-1	7.044277E+0	-8.694704E-4
2.927981E-1	7.073140E+0	-8.694704E-4
1.802321E-1	6.899962E+0	-8.694704E-4
1.520906E-1	6.842236E+0	-8.694704E-4
2.927981E-1	6.755647E+0	-8.694704E-4
2.083736E-1	6.726784E+0	-8.694704E-4
2.083736E-1	6.697921E+0	-8.694704E-4
2.083736E-1	6.784510E+0	-8.694704E-4
2.646566E-1	6.611331E+0	-8.694704E-4
2.927981E-1	6.640194E+0	-8.694704E-4
2.083736E-1	6.467016E+0	-8.694704E-4
2.927981E-1	6.553605E+0	-8.694704E-4
2.927981E-1	6.495879E+0	-8.694704E-4
2.927981E-1	6.351564E+0	-8.694704E-4
2.083736E-1	6.409290E+0	-8.694704E-4
3.490811E-1	6.236112E+0	-8.694704E-4
1.802321E-1	6.293838E+0	-8.694704E-4
2.646566E-1	6.178386E+0	-8.694704E-4
2.365151E-1	6.034071E+0	-8.694704E-4
2.646566E-1	6.120660E+0	-8.694704E-4
2.083736E-1	5.976345E+0	-8.694704E-4
2.646566E-1	6.005208E+0	-8.694704E-4
2.927981E-1	5.832029E+0	-8.694704E-4
2.083736E-1	5.803166E+0	-8.694704E-4
2.927981E-1	5.745440E+0	-8.694704E-4
2.365151E-1	5.803166E+0	-8.694704E-4
3.209396E-1	5.832029E+0	-8.694704E-4
2.083736E-1	5.716577E+0	-8.694704E-4
1.520906E-1	5.629988E+0	-8.694704E-4
2.083736E-1	5.514536E+0	-8.694704E-4
2.365151E-1	5.543399E+0	-8.694704E-4
2.365151E-1	5.572262E+0	-8.694704E-4
2.083736E-1	5.427947E+0	-8.694704E-4
2.646566E-1	5.485673E+0	-8.694704E-4
2.927981E-1	5.312495E+0	-8.694704E-4
2.083736E-1	5.341358E+0	-8.694704E-4
2.365151E-1	5.283632E+0	-8.694704E-4
3.209396E-1	5.283632E+0	-8.694704E-4
2.365151E-1	5.254769E+0	-8.694704E-4
2.646566E-1	5.052727E+0	-8.694704E-4
2.365151E-1	5.052727E+0	-8.694704E-4
2.083736E-1	4.966138E+0	-8.694704E-4
2.083736E-1	4.966138E+0	-8.694704E-4
2.365151E-1	5.023864E+0	-8.694704E-4
3.209396E-1	4.937275E+0	-8.694704E-4
1.802321E-1	4.792960E+0	-8.694704E-4
2.365151E-1	4.821823E+0	-8.694704E-4
2.927981E-1	4.706371E+0	-8.694704E-4
2.083736E-1	4.706371E+0	-8.694704E-4
2.083736E-1	4.619782E+0	-8.694704E-4
1.520906E-1	4.619782E+0	-8.694704E-4
3.209396E-1	4.504330E+0	-8.694704E-4
2.646566E-1	4.446604E+0	-8.694704E-4
2.646566E-1	4.504330E+0	-8.694704E-4
2.646566E-1	4.504330E+0	-8.694704E-4
3.209396E-1	4.360015E+0	-8.694704E-4
2.927981E-1	4.360015E+0	-8.694704E-4
2.646566E-1	4.388878E+0	-8.694704E-4
2.927981E-1	4.273426E+0	-8.694704E-4
2.646566E-1	4.186836E+0	-8.694704E-4
2.365151E-1	4.157973E+0	-8.694704E-4
2.083736E-1	4.129110E+0	-8.694704E-4
2.083736E-1	4.013658E+0	-8.694704E-4
2.365151E-1	4.013658E+0	-8.694704E-4
2.365151E-1	3.955932E+0	-8.694704E-4
2.365151E-1	3.927069E+0	-8.694704E-4
2.365151E-1	3.955932E+0	-8.694704E-4
3.209396E-1	3.840480E+0	-8.694704E-4
1.520906E-1	3.898206E+0	-8.694704E-4
2.927981E-1	3.811617E+0	-8.694704E-4
2.365151E-1	3.638439E+0	-8.694704E-4
3.490811E-1	3.638439E+0	-8.694704E-4
2.927981E-1	3.580713E+0	-8.694704E-4
2.083736E-1	3.580713E+0	-8.694704E-4
2.646566E-1	3.551850E+0	-8.694704E-4
2.083736E-1	3.494124E+0	-8.694704E-4
2.365151E-1	3.522987E+0	-8.694704E-4
2.365151E-1	3.494124E+0	-8.694704E-4
2.083736E-1	3.407534E+0	-8.694704E-4
3.209396E-1	3.320945E+0	-8.694704E-4
2.083736E-1	3.349808E+0	-8.694704E-4
2.927981E-1	3.349808E+0	-8.694704E-4
2.646566E-1	3.292082E+0	-8.694704E-4
2.083736E-1	3.205493E+0	-8.694704E-4
2.365151E-1	3.147767E+0	-8.694704E-4
2.083736E-1	3.234356E+0	-8.694704E-4
2.365151E-1	3.118904E+0	-8.694704E-4
2.646566E-1	3.032315E+0	-8.694704E-4
2.083736E-1	2.945726E+0	-8.694704E-4
1.520906E-1	3.003452E+0	-8.694704E-4
2.646566E-1	2.916863E+0	-8.694704E-4
1.802321E-1	2.888000E+0	-8.694704E-4
3.209396E-1	2.974589E+0	-8.694704E-4
2.646566E-1	2.801411E+0	-8.694704E-4
2.927981E-1	2.830274E+0	-8.694704E-4
2.083736E-1	2.772548E+0	-8.694704E-4
2.927981E-1	2.743685E+0	-8.694704E-4
1.802321E-1	2.685959E+0	-8.694704E-4
2.083736E-1	2.657095E+0	-8.694704E-4
2.927981E-1	2.570506E+0	-8.694704E-4
1.802321E-1	2.512780E+0	-8.694704E-4
1.802321E-1	2.599369E+0	-8.694704E-4
2.927981E-1	2.483917E+0	-8.694704E-4
2.927981E-1	2.570506E+0	-8.694704E-4
2.365151E-1	2.541643E+0	-8.694704E-4
2.083736E-1	2.483917E+0	-8.694704E-4
2.927981E-1	2.368465E+0	-8.694704E-4
2.646566E-1	2.281876E+0	-8.694704E-4
2.365151E-1	2.310739E+0	-8.694704E-4
1.802321E-1	2.224150E+0	-8.694704E-4
2.083736E-1	2.281876E+0	-8.694704E-4
2.083736E-1	2.253013E+0	-8.694704E-4
3.209396E-1	2.166424E+0	-8.694704E-4
2.927981E-1	2.166424E+0	-8.694704E-4
2.927981E-1	2.079835E+0	-8.694704E-4
2.083736E-1	2.079835E+0	-8.694704E-4
2.365151E-1	2.079835E+0	-8.694704E-4
3.209396E-1	1.964383E+0	-8.694704E-4
2.083736E-1	1.935520E+0	-8.694704E-4
2.083736E-1	1.906657E+0	-8.694704E-4
2.083736E-1	1.935520E+0	-8.694704E-4
2.365151E-1	1.848930E+0	-8.694704E-4
2.083736E-1	1.791204E+0	-8.694704E-4
2.365151E-1	1.733478E+0	-8.694704E-4
2.927981E-1	1.848930E+0	-8.694704E-4
1.802321E-1	1.733478E+0	-8.694704E-4
2.083736E-1	1.733478E+0	-8.694704E-4
3.209396E-1	1.646889E+0	-8.694704E-4
3.209396E-1	1.733478E+0	-8.694704E-4
2.083736E-1	1.618026E+0	-8.694704E-4
2.365151E-1	1.560300E+0	-8.694704E-4
3.209396E-1	1.502574E+0	-8.694704E-4
2.927981E-1	1.589163E+0	-8.694704E-4
1.802321E-1	1.473711E+0	-8.694704E-4
3.209396E-1	1.473711E+0	-8.694704E-4
2.927981E-1	1.444848E+0	-8.694704E-4
2.365151E-1	1.444848E+0	-8.694704E-4
2.927981E-1	1.358259E+0	-8.694704E-4
2.927981E-1	1.271670E+0	-8.694704E-4
2.927981E-1	1.300533E+0	-8.694704E-4
2.365151E-1	1.185081E+0	-8.694704E-4
2.083736E-1	1.213944E+0	-8.694704E-4
3.209396E-1	1.213944E+0	-8.694704E-4
2.365151E-1	1.271670E+0	-8.694704E-4
2.927981E-1	1.185081E+0	-8.694704E-4
2.083736E-1	1.069628E+0	-8.694704E-4
2.646566E-1	1.156218E+0	-8.694704E-4
2.927981E-1	1.156218E+0	-8.694704E-4
3.209396E-1	1.040765E+0	-8.694704E-4
2.646566E-1	9.541763E-1	-8.694704E-4
2.365151E-1	1.040765E+0	-8.694704E-4
1.802321E-1	9.830394E-1	-8.694704E-4
2.927981E-1	1.040765E+0	-8.694704E-4
2.927981E-1	8.964503E-1	-8.694704E-4
2.646566E-1	9.253133E-1	-8.694704E-4
3.209396E-1	9.253133E-1	-8.694704E-4
2.365151E-1	9.253133E-1	-8.694704E-4
2.927981E-1	8.387242E-1	-8.694704E-4
2.927981E-1	7.809981E-1	-8.694704E-4
3.209396E-1	7.809981E-1	-8.694704E-4
2.927981E-1	7.809981E-1	-8.694704E-4
2.365151E-1	7.521351E-1	-8.694704E-4
3.209396E-1	7.521351E-1	-8.694704E-4
2.083736E-1	6.944090E-1	-8.694704E-4
2.365151E-1	6.078199E-1	-8.694704E-4
2.927981E-1	6.078199E-1	-8.694704E-4
2.646566E-1	6.366829E-1	-8.694704E-4
2.083736E-1	6.366829E-1	-8.694704E-4
2.083736E-1	6.366829E-1	-8.694704E-4
2.646566E-1	5.789569E-1	-8.694704E-4
2.927981E-1	4.923678E-1	-8.694704E-4
2.365151E-1	4.635047E-1	-8.694704E-4
2.365151E-1	4.923678E-1	-8.694704E-4
2.365151E-1	4.923678E-1	-8.694704E-4
1.802321E-1	4.635047E-1	-8.694704E-4
2.083736E-1	3.769156E-1	-8.694704E-4
3.209396E-1	4.346417E-1	-8.694704E-4
2.646566E-1	4.057787E-1	-8.694704E-4
2.083736E-1	3.769156E-1	-8.694704E-4
1.802321E-1	3.191895E-1	-8.694704E-4
2.083736E-1	3.191895E-1	-8.694704E-4
2.927981E-1	2.614635E-1	-8.694704E-4
2.646566E-1	2.326004E-1	-8.694704E-4
2.646566E-1	3.191895E-1	-8.694704E-4
2.365151E-1	2.326004E-1	-8.694704E-4
2.646566E-1	2.903265E-1	-8.694704E-4
2.365151E-1	2.326004E-1	-8.694704E-4
2.646566E-1	2.326004E-1	-8.694704E-4
3.209396E-1	1.748744E-1	-8.694704E-4
1.802321E-1	5.942222E-2	-8.694704E-4
2.927981E-1	1.171483E-1	-8.694704E-4
3.209396E-1	8.828526E-2	-8.694704E-4
2.646566E-1	8.828526E-2	-8.694704E-4
2.365151E-1	2.326004E-1	-8.694704E-4
2.927981E-1	5.942222E-2	-8.694704E-4
1.802321E-1	3.055918E-2	-8.694704E-4
2.646566E-1	1.171483E-1	-8.694704E-4
3.209396E-1	1.171483E-1	-8.694704E-4
2.646566E-1	-8.489296E-2	-8.694704E-4
2.646566E-1	1.171483E-1	-8.694704E-4
1.239491E-1	1.696147E-3	-8.694704E-4
2.083736E-1	8.828526E-2	-8.694704E-4
3.209396E-1	5.942222E-2	-8.694704E-4
1.802321E-1	1.696147E-3	-8.694704E-4
2.927981E-1	1.696147E-3	-8.694704E-4
2.083736E-1	5.942222E-2	-8.694704E-4
2.927981E-1	1.696147E-3	-8.694704E-4
2.927981E-1	5.942222E-2	-8.694704E-4
2.083736E-1	5.942222E-2	-8.694704E-4
1.520906E-1	1.171483E-1	-8.694704E-4
2.646566E-1	5.942222E-2	-8.694704E-4
2.646566E-1	3.055918E-2	-8.694704E-4
2.927981E-1	3.055918E-2	-8.694704E-4
2.927981E-1	1.171483E-1	-8.694704E-4
1.520906E-1	8.828526E-2	-8.694704E-4
3.209396E-1	1.696147E-3	-8.694704E-4
2.083736E-1	3.055918E-2	-8.694704E-4
3.209396E-1	-2.716689E-2	-8.694704E-4
1.239491E-1	-2.716689E-2	-8.694704E-4
2.365151E-1	1.696147E-3	-8.694704E-4
2.083736E-1	1.171483E-1	-8.694704E-4
2.083736E-1	1.696147E-3	-8.694704E-4
1.520906E-1	3.055918E-2	-8.694704E-4
2.365151E-1	3.055918E-2	-8.694704E-4
2.365151E-1	-8.489296E-2	-8.694704E-4
2.083736E-1	1.696147E-3	-8.694704E-4
2.083736E-1	-8.489296E-2	-8.694704E-4
2.083736E-1	-5.602993E-2	-8.694704E-4
1.520906E-1	3.055918E-2	-8.694704E-4
1.802321E-1	1.696147E-3	-8.694704E-4
2.365151E-1	3.055918E-2	-8.694704E-4
3.209396E-1	1.696147E-3	-8.694704E-4
2.365151E-1	1.696147E-3	-8.694704E-4
3.209396E-1	1.696147E-3	-8.694704E-4
2.927981E-1	-5.602993E-2	-8.694704E-4
2.927981E-1	3.055918E-2	-8.694704E-4
2.083736E-1	-1.137560E-1	-8.694704E-4
2.927981E-1	-1.426190E-1	-8.694704E-4
2.083736E-1	1.696147E-3	-8.694704E-4
2.083736E-1	-2.716689E-2	-8.694704E-4
1.802321E-1	-2.716689E-2	-8.694704E-4
3.490811E-1	1.696147E-3	-8.694704E-4
2.365151E-1	-2.716689E-2	-8.694704E-4
2.927981E-1	-5.602993E-2	-8.694704E-4
2.646566E-1	-1.137560E-1	-8.694704E-4
2.083736E-1	1.696147E-3	-8.694704E-4
1.802321E-1	-2.716689E-2	-8.694704E-4
2.083736E-1	3.055918E-2	-8.694704E-4
1.520906E-1	1.696147E-3	-8.694704E-4
2.365151E-1	-2.716689E-2	-8.694704E-4
2.083736E-1	1.696147E-3	-8.694704E-4
2.083736E-1	-1.426190E-1	-8.694704E-4
2.083736E-1	-8.489296E-2	-8.694704E-4
1.239491E-1	5.942222E-2	-8.694704E-4
2.083736E-1	8.828526E-2	-8.694704E-4
2.646566E-1	-1.137560E-1	-8.694704E-4
2.365151E-1	-5.602993E-2	-8.694704E-4
2.365151E-1	-2.003451E-1	-8.694704E-4
3.209396E-1	-1.714821E-1	-8.694704E-4
2.083736E-1	1.460113E-1	-8.694704E-4
2.927981E-1	2.326004E-1	-8.694704E-4
1.802321E-1	-8.489296E-2	-8.694704E-4
2.365151E-1	-8.489296E-2	-8.694704E-4
1.802321E-1	-1.137560E-1	-8.694704E-4
2.083736E-1	-2.003451E-1	-8.694704E-4
2.365151E-1	-2.292081E-1	-8.694704E-4
2.646566E-1	-8.489296E-2	-8.694704E-4
2.365151E-1	-1.714821E-1	-8.694704E-4
1.520906E-1	-1.137560E-1	-8.694704E-4
2.083736E-1	-8.489296E-2	-8.694704E-4
1.520906E-1	3.055918E-2	-8.694704E-4
2.083736E-1	3.055918E-2	-8.694704E-4
5.460716E-1	1.762341E+0	-8.694704E-4
2.365151E-1	-9.507840E-1	-8.694704E-4
2.927981E-1	2.614635E-1	-8.694704E-4
3.772226E-1	-2.003451E-1	-8.694704E-4
2.365151E-1	-5.602993E-2	-8.694704E-4
2.083736E-1	-8.489296E-2	-8.694704E-4
2.927981E-1	-1.137560E-1	-8.694704E-4
2.083736E-1	-2.869342E-1	-8.694704E-4
4.897886E-1	-1.137560E-1	-8.694704E-4
6.766608E-2	3.769156E-1	-8.694704E-4
2.083736E-1	5.942222E-2	-8.694704E-4
2.927981E-1	3.055918E-2	-8.694704E-4
1.802321E-1	1.696147E-3	-8.694704E-4
2.365151E-1	-1.714821E-1	-8.694704E-4
2.365151E-1	-1.426190E-1	-8.694704E-4
2.083736E-1	-1.426190E-1	-8.694704E-4
2.927981E-1	-2.580712E-1	-8.694704E-4
3.209396E-1	-8.489296E-2	-8.694704E-4
2.646566E-1	-1.137560E-1	-8.694704E-4
1.802321E-1	-8.489296E-2	-8.694704E-4
3.209396E-1	1.696147E-3	-8.694704E-4
2.083736E-1	-1.426190E-1	-8.694704E-4
2.646566E-1	-1.137560E-1	-8.694704E-4
2.927981E-1	-2.716689E-2	-8.694704E-4
2.083736E-1	-5.602993E-2	-8.694704E-4
1.520906E-1	-5.602993E-2	-8.694704E-4
2.927981E-1	-5.602993E-2	-8.694704E-4
1.520906E-1	-8.489296E-2	-8.694704E-4
2.927981E-1	1.696147E-3	-8.694704E-4
1.520906E-1	-8.489296E-2	-8.694704E-4
2.365151E-1	-8.489296E-2	-8.694704E-4
3.209396E-1	-5.602993E-2	-8.694704E-4
2.365151E-1	-8.489296E-2	-8.694704E-4
2.083736E-1	-5.602993E-2	-8.694704E-4
2.365151E-1	3.055918E-2	-8.694704E-4
2.646566E-1	-1.426190E-1	-8.694704E-4
2.365151E-1	-1.426190E-1	-8.694704E-4
2.646566E-1	-1.426190E-1	-8.694704E-4
1.802321E-1	-1.714821E-1	-8.694704E-4
2.365151E-1	-1.137560E-1	-8.694704E-4
2.927981E-1	-1.426190E-1	-8.694704E-4
2.365151E-1	-1.426190E-1	-8.694704E-4
2.083736E-1	-2.716689E-2	-8.694704E-4
2.083736E-1	-1.137560E-1	-8.694704E-4
2.365151E-1	-1.426190E-1	-8.694704E-4
2.646566E-1	-2.716689E-2	-8.694704E-4
3.209396E-1	-1.426190E-1	-8.694704E-4
2.927981E-1	-5.602993E-2	-8.694704E-4
1.520906E-1	-1.426190E-1	-8.694704E-4
2.927981E-1	-2.716689E-2	-8.694704E-4
2.365151E-1	-1.137560E-1	-8.694704E-4
1.802321E-1	-1.714821E-1	-8.694704E-4
1.802321E-1	-1.137560E-1	-8.694704E-4
2.365151E-1	-1.426190E-1	-8.694704E-4
1.520906E-1	-1.137560E-1	-8.694704E-4
3.209396E-1	-5.602993E-2	-8.694704E-4
2.083736E-1	-1.426190E-1	-8.694704E-4
2.083736E-1	-1.137560E-1	-8.694704E-4
2.927981E-1	-1.426190E-1	-8.694704E-4
1.802321E-1	-2.716689E-2	-8.694704E-4
2.083736E-1	-1.714821E-1	-8.694704E-4
2.365151E-1	-1.426190E-1	-8.694704E-4
2.927981E-1	-5.602993E-2	-8.694704E-4
2.365151E-1	-1.426190E-1	-8.694704E-4
2.365151E-1	-1.137560E-1	-8.694704E-4
2.365151E-1	-8.489296E-2	-8.694704E-4
2.927981E-1	-1.714821E-1	-8.694704E-4
1.802321E-1	-5.602993E-2	-8.694704E-4
1.520906E-1	-8.489296E-2	-8.694704E-4
2.646566E-1	-5.602993E-2	-8.694704E-4
2.646566E-1	-1.426190E-1	-8.694704E-4
2.083736E-1	-2.716689E-2	-8.694704E-4
3.772226E-1	-8.489296E-2	-8.694704E-4
2.927981E-1	-8.489296E-2	-8.694704E-4
2.083736E-1	-8.489296E-2	-8.694704E-4
1.520906E-1	-8.489296E-2	-8.694704E-4
2.083736E-1	-5.602993E-2	-8.694704E-4
2.083736E-1	-1.137560E-1	-8.694704E-4
2.646566E-1	-8.489296E-2	-8.694704E-4
2.927981E-1	-1.714821E-1	-8.694704E-4
2.927981E-1	-1.137560E-1	-8.694704E-4
2.365151E-1	-1.137560E-1	-8.694704E-4
2.365151E-1	-5.602993E-2	-8.694704E-4
2.083736E-1	-1.426190E-1	-8.694704E-4
2.083736E-1	-8.489296E-2	-8.694704E-4
1.802321E-1	-8.489296E-2	-8.694704E-4
1.520906E-1	-1.426190E-1	-8.694704E-4
2.646566E-1	1.696147E-3	-8.694704E-4
1.802321E-1	-5.602993E-2	-8.694704E-4
2.365151E-1	3.055918E-2	-8.694704E-4
2.365151E-1	-8.489296E-2	-8.694704E-4
1.802321E-1	-8.489296E-2	-8.694704E-4
2.365151E-1	-1.426190E-1	-8.694704E-4
