1.135241E+1	2.614635E-1	7.278053E+0
1.132427E+1	2.326004E-1	7.318775E+0
1.135241E+1	3.191895E-1	7.313684E+0
1.149312E+1	2.903265E-1	7.308594E+0
1.154940E+1	2.903265E-1	7.349315E+0
1.143683E+1	2.903265E-1	7.369676E+0
1.160568E+1	3.191895E-1	7.379856E+0
1.169011E+1	2.614635E-1	7.308594E+0
1.247807E+1	2.614635E-1	7.283143E+0
1.160568E+1	3.480526E-1	7.318775E+0
1.174639E+1	4.346417E-1	7.328955E+0
1.174639E+1	2.614635E-1	7.334045E+0
1.183081E+1	2.903265E-1	7.308594E+0
1.177453E+1	2.903265E-1	7.303504E+0
1.174639E+1	2.326004E-1	7.344225E+0
1.183081E+1	2.614635E-1	7.344225E+0
1.194338E+1	2.614635E-1	7.308594E+0
1.191524E+1	3.769156E-1	7.323865E+0
1.202780E+1	2.614635E-1	7.369676E+0
1.202780E+1	3.769156E-1	7.334045E+0
1.208409E+1	1.171483E-1	7.369676E+0
1.211223E+1	3.480526E-1	7.328955E+0
1.214037E+1	3.480526E-1	7.160980E+0
1.208409E+1	3.191895E-1	7.369676E+0
1.214037E+1	2.614635E-1	7.359496E+0
1.225294E+1	3.480526E-1	7.308594E+0
1.230922E+1	2.903265E-1	7.313684E+0
1.228108E+1	2.326004E-1	7.293324E+0
1.230922E+1	2.903265E-1	7.369676E+0
1.233736E+1	2.614635E-1	7.283143E+0
1.239364E+1	3.191895E-1	7.400217E+0
1.247807E+1	2.614635E-1	7.374766E+0
1.239364E+1	3.480526E-1	7.308594E+0
1.244993E+1	2.903265E-1	7.288234E+0
1.247807E+1	2.326004E-1	7.374766E+0
2.016070E+1	6.078199E-1	7.328955E+0
1.259063E+1	2.614635E-1	7.288234E+0
1.259063E+1	3.191895E-1	7.318775E+0
1.256249E+1	2.326004E-1	7.298414E+0
1.256249E+1	2.326004E-1	7.293324E+0
1.261878E+1	3.769156E-1	7.257693E+0
1.270320E+1	4.057787E-1	7.308594E+0
1.273134E+1	3.191895E-1	7.288234E+0
1.275948E+1	2.326004E-1	7.364586E+0
1.281577E+1	2.614635E-1	7.313684E+0
1.281577E+1	2.326004E-1	7.395127E+0
1.287205E+1	3.191895E-1	7.364586E+0
1.275948E+1	3.480526E-1	7.288234E+0
1.292833E+1	1.748744E-1	7.379856E+0
1.290019E+1	3.769156E-1	7.242422E+0
1.298462E+1	2.903265E-1	7.288234E+0
1.304090E+1	3.191895E-1	7.390037E+0
1.304090E+1	2.037374E-1	7.328955E+0
1.312532E+1	2.903265E-1	7.283143E+0
1.315346E+1	3.769156E-1	7.410397E+0
1.326603E+1	3.480526E-1	7.323865E+0
1.318161E+1	2.037374E-1	7.390037E+0
1.335045E+1	2.903265E-1	7.313684E+0
1.329417E+1	2.903265E-1	7.222062E+0
1.337860E+1	3.191895E-1	7.379856E+0
1.337860E+1	2.326004E-1	7.354406E+0
1.349116E+1	2.903265E-1	7.364586E+0
1.346302E+1	2.037374E-1	7.390037E+0
1.346302E+1	2.614635E-1	7.318775E+0
1.360373E+1	2.037374E-1	7.369676E+0
1.349116E+1	3.191895E-1	7.308594E+0
1.346302E+1	2.614635E-1	7.369676E+0
1.371629E+1	2.614635E-1	7.379856E+0
1.366001E+1	2.614635E-1	7.323865E+0
1.368815E+1	2.326004E-1	7.349315E+0
1.374444E+1	2.326004E-1	7.247512E+0
1.577062E+1	3.480526E-1	7.328955E+0
1.377258E+1	2.326004E-1	7.349315E+0
1.371629E+1	3.191895E-1	7.323865E+0
1.380072E+1	2.903265E-1	6.168399E+0
1.385700E+1	2.903265E-1	4.534459E+0
1.391328E+1	2.903265E-1	3.134666E+0
1.405399E+1	2.903265E-1	1.948660E+0
1.408213E+1	2.614635E-1	1.215678E+0
1.405399E+1	2.326004E-1	6.913917E-1
1.416656E+1	2.903265E-1	3.198103E-1
1.402585E+1	3.191895E-1	-8.694704E-4
1.399771E+1	2.326004E-1	-8.694704E-4
1.402585E+1	2.326004E-1	-8.694704E-4
1.419470E+1	3.191895E-1	-8.694704E-4
1.444797E+1	2.903265E-1	-8.694704E-4
1.433541E+1	2.037374E-1	-8.694704E-4
1.422284E+1	2.326004E-1	-8.694704E-4
1.422284E+1	2.614635E-1	-8.694704E-4
1.408213E+1	2.326004E-1	-8.694704E-4
1.413842E+1	2.037374E-1	-8.694704E-4
1.416656E+1	2.903265E-1	-8.694704E-4
1.405399E+1	3.480526E-1	-8.694704E-4
1.413842E+1	1.748744E-1	-8.694704E-4
1.419470E+1	2.326004E-1	-8.694704E-4
1.416656E+1	3.480526E-1	-8.694704E-4
1.416656E+1	3.480526E-1	-8.694704E-4
1.413842E+1	1.748744E-1	-8.694704E-4
1.411028E+1	3.191895E-1	-8.694704E-4
1.419470E+1	2.326004E-1	-8.694704E-4
1.413842E+1	2.037374E-1	-8.694704E-4
1.419470E+1	2.326004E-1	-8.694704E-4
1.419470E+1	2.903265E-1	-8.694704E-4
1.413842E+1	2.037374E-1	-8.694704E-4
1.413842E+1	2.037374E-1	-8.694704E-4
1.413842E+1	2.903265E-1	-8.694704E-4
1.411028E+1	2.326004E-1	-8.694704E-4
1.422284E+1	2.614635E-1	-8.694704E-4
1.422284E+1	2.037374E-1	-8.694704E-4
1.413842E+1	2.903265E-1	-8.694704E-4
1.402585E+1	1.460113E-1	-8.694704E-4
1.416656E+1	3.191895E-1	-8.694704E-4
1.411028E+1	2.037374E-1	-8.694704E-4
1.416656E+1	2.326004E-1	-8.694704E-4
1.425098E+1	3.191895E-1	-8.694704E-4
1.425098E+1	2.326004E-1	-8.694704E-4
1.419470E+1	2.903265E-1	-8.694704E-4
1.419470E+1	2.326004E-1	-8.694704E-4
1.411028E+1	2.326004E-1	-8.694704E-4
1.419470E+1	2.037374E-1	-8.694704E-4
1.419470E+1	2.037374E-1	-8.694704E-4
1.422284E+1	2.326004E-1	-8.694704E-4
1.422284E+1	2.903265E-1	-8.694704E-4
1.416656E+1	2.326004E-1	-8.694704E-4
1.405399E+1	2.614635E-1	-8.694704E-4
1.413842E+1	2.037374E-1	-8.694704E-4
1.419470E+1	2.614635E-1	-8.694704E-4
1.413842E+1	1.748744E-1	-8.694704E-4
1.419470E+1	2.326004E-1	-8.694704E-4
1.416656E+1	2.903265E-1	-8.694704E-4
1.425098E+1	2.037374E-1	-8.694704E-4
1.416656E+1	2.326004E-1	-8.694704E-4
1.419470E+1	2.326004E-1	-8.694704E-4
1.408213E+1	1.748744E-1	-8.694704E-4
1.419470E+1	2.614635E-1	-8.694704E-4
1.419470E+1	2.614635E-1	-8.694704E-4
1.416656E+1	2.326004E-1	-8.694704E-4
1.419470E+1	3.191895E-1	-8.694704E-4
1.422284E+1	2.326004E-1	-8.694704E-4
1.416656E+1	2.037374E-1	-8.694704E-4
1.416656E+1	2.037374E-1	-8.694704E-4
1.402585E+1	1.748744E-1	-8.694704E-4
1.413842E+1	2.326004E-1	-8.694704E-4
1.419470E+1	2.326004E-1	-8.694704E-4
1.408213E+1	2.614635E-1	-8.694704E-4
1.422284E+1	2.614635E-1	-8.694704E-4
1.422284E+1	2.614635E-1	-8.694704E-4
1.447611E+1	2.037374E-1	-8.694704E-4
1.422284E+1	1.460113E-1	-8.694704E-4
1.413842E+1	2.903265E-1	-8.694704E-4
1.413842E+1	2.326004E-1	-8.694704E-4
1.408213E+1	2.326004E-1	-8.694704E-4
1.416656E+1	2.037374E-1	-8.694704E-4
1.416656E+1	2.614635E-1	-8.694704E-4
1.419470E+1	1.460113E-1	-8.694704E-4
1.416656E+1	2.326004E-1	2.233709E+0
1.422284E+1	2.037374E-1	5.033295E+0
1.422284E+1	2.614635E-1	6.977734E+0
1.416656E+1	2.037374E-1	7.817610E+0
1.405399E+1	2.326004E-1	8.555682E+0
1.413842E+1	2.326004E-1	8.871272E+0
1.413842E+1	8.964503E-1	9.303935E+0
1.419470E+1	2.037374E-1	9.217403E+0
1.419470E+1	2.614635E-1	9.466820E+0
1.422284E+1	2.903265E-1	9.588984E+0
1.419470E+1	1.748744E-1	9.466820E+0
1.422284E+1	2.326004E-1	9.558443E+0
1.419470E+1	2.614635E-1	9.614435E+0
1.419470E+1	2.037374E-1	9.370107E+0
1.405399E+1	2.326004E-1	9.497361E+0
1.427912E+1	2.037374E-1	9.532992E+0
1.439169E+1	2.037374E-1	9.588984E+0
1.425098E+1	2.326004E-1	9.751869E+0
1.419470E+1	2.037374E-1	9.721328E+0
1.416656E+1	-3.446603E-1	9.797680E+0
1.427912E+1	1.748744E-1	9.736599E+0
1.419470E+1	1.171483E-1	9.558443E+0
1.402585E+1	2.037374E-1	9.721328E+0
1.411028E+1	2.037374E-1	9.700967E+0
1.413842E+1	2.326004E-1	9.787500E+0
1.422284E+1	1.748744E-1	9.741689E+0
1.399771E+1	2.326004E-1	9.996196E+0
1.402585E+1	2.037374E-1	1.002165E+1
1.416656E+1	2.326004E-1	1.011327E+1
1.436355E+1	2.326004E-1	1.027616E+1
1.427912E+1	2.037374E-1	1.024561E+1
1.408213E+1	2.326004E-1	1.015908E+1
1.402585E+1	2.614635E-1	1.010818E+1
1.450426E+1	2.037374E-1	1.025070E+1
1.464496E+1	1.748744E-1	1.019471E+1
1.444797E+1	1.748744E-1	1.014890E+1
1.472939E+1	2.326004E-1	1.017944E+1
1.467311E+1	2.614635E-1	1.024052E+1
1.472939E+1	2.326004E-1	1.002165E+1
1.478567E+1	2.326004E-1	1.006746E+1
1.503894E+1	1.748744E-1	1.005728E+1
1.509523E+1	1.748744E-1	1.012854E+1
1.546107E+1	2.326004E-1	1.010818E+1
1.543293E+1	1.748744E-1	1.012854E+1
1.532036E+1	2.326004E-1	1.010309E+1
1.557363E+1	1.460113E-1	1.014890E+1
1.562992E+1	1.748744E-1	1.016417E+1
1.560177E+1	2.037374E-1	1.010309E+1
1.565806E+1	2.903265E-1	1.018453E+1
1.608018E+1	2.326004E-1	1.007255E+1
1.647416E+1	2.326004E-1	1.019471E+1
1.667115E+1	2.037374E-1	1.020998E+1
1.641788E+1	2.326004E-1	9.975836E+0
1.630531E+1	2.326004E-1	1.018962E+1
1.714956E+1	2.614635E-1	1.018453E+1
1.714956E+1	3.480526E-1	1.022016E+1
1.686814E+1	2.326004E-1	1.015399E+1
1.703699E+1	2.326004E-1	1.005219E+1
1.706513E+1	1.748744E-1	1.022016E+1
1.706513E+1	2.037374E-1	1.005219E+1
1.709327E+1	2.326004E-1	1.006237E+1
1.726212E+1	2.614635E-1	1.009291E+1
1.723398E+1	1.460113E-1	1.017435E+1
1.759982E+1	2.037374E-1	1.018453E+1
1.802194E+1	1.748744E-1	1.010309E+1
1.765610E+1	1.460113E-1	1.017944E+1
1.771239E+1	2.326004E-1	1.020998E+1
1.771239E+1	2.037374E-1	1.006237E+1
1.799380E+1	1.748744E-1	1.017944E+1
1.799380E+1	2.326004E-1	1.016926E+1
1.810637E+1	1.748744E-1	1.023034E+1
1.807823E+1	2.326004E-1	1.016926E+1
1.838778E+1	2.326004E-1	1.011836E+1
1.838778E+1	2.326004E-1	9.970746E+0
1.841593E+1	2.614635E-1	1.001656E+1
1.850035E+1	1.748744E-1	1.012345E+1
1.878176E+1	1.460113E-1	1.006746E+1
1.889433E+1	2.614635E-1	1.017944E+1
1.886619E+1	2.614635E-1	1.023543E+1
1.900690E+1	2.326004E-1	1.018453E+1
1.926017E+1	3.191895E-1	1.022525E+1
1.928831E+1	1.748744E-1	1.001656E+1
1.917575E+1	2.037374E-1	1.018962E+1
1.937274E+1	2.037374E-1	1.016417E+1
1.951344E+1	2.326004E-1	1.008782E+1
1.968229E+1	2.326004E-1	1.020998E+1
1.971043E+1	2.037374E-1	1.018453E+1
1.968229E+1	2.903265E-1	1.019471E+1
2.001999E+1	2.037374E-1	1.015399E+1
2.024512E+1	1.460113E-1	1.005219E+1
1.993557E+1	2.903265E-1	1.022525E+1
2.024512E+1	2.037374E-1	1.012854E+1
2.047025E+1	2.326004E-1	1.014890E+1
2.047025E+1	1.748744E-1	1.024052E+1
2.035769E+1	1.460113E-1	1.019980E+1
2.066725E+1	1.460113E-1	1.013872E+1
2.077981E+1	2.326004E-1	1.018962E+1
2.066725E+1	2.903265E-1	1.024052E+1
2.083609E+1	2.903265E-1	1.026597E+1
2.092052E+1	2.326004E-1	1.019980E+1
2.089238E+1	3.480526E-1	1.015399E+1
2.125822E+1	3.320945E+0	1.013872E+1
2.134264E+1	-2.003451E-1	1.003692E+1
2.128636E+1	2.326004E-1	1.011836E+1
2.145521E+1	2.903265E-1	1.004201E+1
2.145521E+1	2.037374E-1	1.011327E+1
2.165220E+1	2.614635E-1	1.016417E+1
2.165220E+1	3.191895E-1	1.017944E+1
2.168034E+1	2.037374E-1	1.020489E+1
2.182105E+1	2.037374E-1	1.019471E+1
2.196175E+1	1.460113E-1	1.016417E+1
2.207432E+1	1.748744E-1	1.014381E+1
2.241202E+1	2.326004E-1	1.016417E+1
2.258087E+1	1.460113E-1	1.017435E+1
2.280600E+1	2.326004E-1	1.024052E+1
2.272157E+1	1.748744E-1	1.008273E+1
2.311556E+1	1.748744E-1	1.007764E+1
2.300299E+1	2.903265E-1	1.023543E+1
2.294671E+1	2.614635E-1	1.017435E+1
2.308741E+1	2.614635E-1	1.015908E+1
2.336883E+1	2.326004E-1	1.018453E+1
2.322812E+1	2.614635E-1	1.000129E+1
2.334069E+1	2.326004E-1	9.980926E+0
2.356582E+1	2.037374E-1	1.012854E+1
2.367839E+1	1.460113E-1	1.010818E+1
2.328440E+1	2.326004E-1	1.015908E+1
2.379095E+1	2.326004E-1	1.016417E+1
2.384723E+1	2.326004E-1	1.014381E+1
2.381909E+1	1.748744E-1	1.023543E+1
2.407237E+1	2.326004E-1	1.014890E+1
2.412865E+1	1.748744E-1	1.009291E+1
2.412865E+1	1.748744E-1	1.004710E+1
2.443821E+1	2.614635E-1	1.024052E+1
2.424122E+1	1.460113E-1	1.020998E+1
2.449449E+1	1.748744E-1	1.017435E+1
2.460706E+1	1.460113E-1	1.013872E+1
2.460706E+1	2.326004E-1	1.006746E+1
2.486033E+1	1.748744E-1	1.023034E+1
2.483219E+1	2.037374E-1	1.015908E+1
2.514174E+1	2.326004E-1	1.004710E+1
2.505732E+1	2.326004E-1	1.019980E+1
2.519803E+1	1.748744E-1	1.022525E+1
2.519803E+1	1.460113E-1	1.015908E+1
2.621112E+1	3.480526E-1	1.024052E+1
2.556387E+1	2.614635E-1	1.023034E+1
2.559201E+1	2.326004E-1	1.022016E+1
2.562015E+1	2.614635E-1	1.017435E+1
2.573272E+1	2.037374E-1	1.021507E+1
2.581714E+1	2.903265E-1	1.015399E+1
2.604227E+1	1.748744E-1	1.015399E+1
2.604227E+1	2.037374E-1	1.008273E+1
2.612670E+1	2.326004E-1	1.013872E+1
2.621112E+1	1.748744E-1	1.011327E+1
2.637997E+1	3.191895E-1	1.019980E+1
2.643625E+1	1.748744E-1	1.015399E+1
2.649254E+1	1.460113E-1	1.012345E+1
2.666139E+1	2.326004E-1	9.975836E+0
2.677395E+1	1.748744E-1	1.014890E+1
2.683023E+1	1.748744E-1	1.002165E+1
2.708351E+1	2.326004E-1	1.026088E+1
2.702722E+1	2.614635E-1	1.020489E+1
2.711165E+1	2.326004E-1	1.016926E+1
2.711165E+1	2.614635E-1	1.011327E+1
2.742121E+1	2.326004E-1	1.024561E+1
2.750563E+1	1.748744E-1	1.024052E+1
2.753377E+1	3.191895E-1	1.011327E+1
2.764634E+1	2.037374E-1	1.018962E+1
2.778705E+1	2.903265E-1	1.024561E+1
2.806846E+1	2.614635E-1	1.017435E+1
2.801218E+1	2.326004E-1	1.007764E+1
2.809660E+1	2.326004E-1	1.016926E+1
2.832173E+1	1.748744E-1	1.019471E+1
2.832173E+1	2.326004E-1	1.013363E+1
2.846244E+1	1.171483E-1	1.019471E+1
2.849058E+1	2.037374E-1	1.020998E+1
2.857501E+1	2.326004E-1	1.022525E+1
2.857501E+1	2.903265E-1	1.022016E+1
2.891271E+1	2.037374E-1	1.017944E+1
2.910970E+1	4.346417E-1	1.030161E+1
2.888456E+1	1.748744E-1	1.023034E+1
2.908155E+1	2.037374E-1	1.017435E+1
2.933483E+1	8.828526E-2	9.899484E+0
2.933483E+1	1.171483E-1	1.023034E+1
2.941925E+1	2.326004E-1	1.014381E+1
2.950368E+1	2.037374E-1	1.015399E+1
2.961624E+1	2.903265E-1	1.017944E+1
2.975695E+1	2.772548E+0	1.027616E+1
2.986952E+1	1.171483E-1	1.014381E+1
3.001022E+1	2.614635E-1	1.011327E+1
3.017907E+1	2.903265E-1	1.023543E+1
3.026350E+1	2.614635E-1	1.019980E+1
3.029164E+1	2.326004E-1	1.018962E+1
3.048863E+1	2.326004E-1	1.014381E+1
3.054491E+1	1.748744E-1	1.012345E+1
3.057305E+1	3.191895E-1	1.015399E+1
3.079819E+1	2.614635E-1	1.017435E+1
3.085447E+1	1.460113E-1	1.009800E+1
3.093889E+1	2.614635E-1	1.015908E+1
3.102332E+1	1.748744E-1	1.019980E+1
3.122031E+1	2.614635E-1	1.016417E+1
3.105146E+1	2.614635E-1	1.014890E+1
3.136102E+1	3.191895E-1	1.013363E+1
3.150172E+1	2.166424E+0	1.026088E+1
3.158615E+1	2.614635E-1	1.010309E+1
3.169871E+1	2.326004E-1	1.001656E+1
3.181128E+1	2.326004E-1	1.020998E+1
3.186756E+1	1.748744E-1	1.024052E+1
3.209269E+1	2.326004E-1	1.015908E+1
3.206455E+1	2.326004E-1	1.011836E+1
3.223340E+1	2.326004E-1	1.015399E+1
3.237411E+1	2.614635E-1	1.017435E+1
3.237411E+1	2.037374E-1	1.008782E+1
3.254296E+1	3.191895E-1	1.021507E+1
3.259924E+1	2.037374E-1	1.020998E+1
3.265552E+1	1.748744E-1	1.018453E+1
3.285252E+1	2.326004E-1	1.009800E+1
3.293694E+1	2.037374E-1	9.904574E+0
3.296508E+1	2.614635E-1	1.012345E+1
3.307765E+1	1.748744E-1	1.011836E+1
3.307765E+1	2.903265E-1	1.016417E+1
3.341535E+1	2.614635E-1	1.018962E+1
3.347163E+1	2.326004E-1	1.020998E+1
3.341535E+1	2.037374E-1	1.005728E+1
3.355605E+1	2.037374E-1	1.009800E+1
3.372490E+1	2.326004E-1	9.914754E+0
3.386561E+1	2.326004E-1	1.020998E+1
3.397818E+1	2.037374E-1	1.022016E+1
3.400632E+1	2.326004E-1	8.464060E+0
3.411888E+1	2.614635E-1	6.168399E+0
3.423145E+1	1.460113E-1	4.234140E+0
3.420331E+1	8.828526E-2	2.869978E+0
3.411888E+1	1.460113E-1	1.902849E+0
3.420331E+1	2.614635E-1	1.174957E+0
3.411888E+1	2.037374E-1	6.303098E-1
3.417517E+1	2.037374E-1	1.949115E-2
3.414702E+1	2.326004E-1	-8.694704E-4
3.423145E+1	1.460113E-1	-8.694704E-4
3.417517E+1	2.614635E-1	-8.694704E-4
3.420331E+1	2.326004E-1	-8.694704E-4
3.417517E+1	2.326004E-1	-2.123009E-2
3.423145E+1	2.037374E-1	-5.959626E-3
3.423145E+1	2.614635E-1	-8.694704E-4
3.423145E+1	2.903265E-1	-8.694704E-4
3.423145E+1	2.037374E-1	-8.694704E-4
3.417517E+1	2.037374E-1	-8.694704E-4
3.423145E+1	2.326004E-1	-8.694704E-4
3.420331E+1	1.748744E-1	-8.694704E-4
3.420331E+1	2.037374E-1	-8.694704E-4
3.417517E+1	2.326004E-1	-8.694704E-4
3.423145E+1	1.748744E-1	-8.694704E-4
3.425959E+1	3.480526E-1	-8.694704E-4
3.423145E+1	2.614635E-1	-8.694704E-4
3.414702E+1	2.037374E-1	-8.694704E-4
3.420331E+1	2.614635E-1	-8.694704E-4
3.417517E+1	1.748744E-1	-8.694704E-4
3.420331E+1	2.614635E-1	-8.694704E-4
3.411888E+1	2.326004E-1	-8.694704E-4
3.417517E+1	2.614635E-1	-8.694704E-4
3.420331E+1	1.460113E-1	-8.694704E-4
3.420331E+1	2.326004E-1	-8.694704E-4
3.417517E+1	2.037374E-1	-8.694704E-4
3.420331E+1	1.748744E-1	-8.694704E-4
3.417517E+1	2.903265E-1	-8.694704E-4
3.420331E+1	2.614635E-1	-8.694704E-4
3.425959E+1	2.037374E-1	-8.694704E-4
3.420331E+1	2.326004E-1	-8.694704E-4
3.414702E+1	2.326004E-1	-8.694704E-4
3.428773E+1	2.326004E-1	-8.694704E-4
3.428773E+1	2.037374E-1	-8.694704E-4
3.425959E+1	2.614635E-1	-8.694704E-4
3.417517E+1	2.903265E-1	-8.694704E-4
3.420331E+1	2.326004E-1	-8.694704E-4
3.420331E+1	1.748744E-1	-8.694704E-4
3.414702E+1	1.748744E-1	-8.694704E-4
3.414702E+1	1.460113E-1	-8.694704E-4
3.420331E+1	2.037374E-1	-8.694704E-4
3.428773E+1	1.748744E-1	-8.694704E-4
3.417517E+1	1.748744E-1	-8.694704E-4
3.414702E+1	1.748744E-1	-8.694704E-4
3.417517E+1	2.037374E-1	-8.694704E-4
3.425959E+1	2.037374E-1	-8.694704E-4
3.420331E+1	2.614635E-1	-8.694704E-4
3.423145E+1	2.614635E-1	-8.694704E-4
3.425959E+1	2.903265E-1	-8.694704E-4
3.423145E+1	2.326004E-1	-8.694704E-4
3.423145E+1	2.614635E-1	-8.694704E-4
3.425959E+1	2.037374E-1	-8.694704E-4
3.414702E+1	2.037374E-1	-8.694704E-4
3.414702E+1	1.748744E-1	-8.694704E-4
3.431587E+1	3.191895E-1	-8.694704E-4
3.423145E+1	1.748744E-1	-8.694704E-4
3.423145E+1	1.171483E-1	-8.694704E-4
3.420331E+1	2.903265E-1	-8.694704E-4
3.420331E+1	2.326004E-1	-8.694704E-4
3.417517E+1	2.326004E-1	-8.694704E-4
3.417517E+1	2.614635E-1	-8.694704E-4
3.428773E+1	3.191895E-1	-8.694704E-4
3.423145E+1	1.460113E-1	-8.694704E-4
3.428773E+1	2.037374E-1	-8.694704E-4
3.417517E+1	2.037374E-1	-8.694704E-4
3.417517E+1	2.037374E-1	-8.694704E-4
3.428773E+1	1.748744E-1	-8.694704E-4
3.428773E+1	2.614635E-1	4.220685E-3
3.428773E+1	2.326004E-1	-8.694704E-4
3.420331E+1	2.326004E-1	-8.694704E-4
3.417517E+1	1.748744E-1	-8.694704E-4
3.420331E+1	8.828526E-2	-8.694704E-4
3.431587E+1	2.326004E-1	-8.694704E-4
3.431587E+1	2.326004E-1	-8.694704E-4
3.425959E+1	2.037374E-1	-8.694704E-4
3.431587E+1	2.614635E-1	-8.694704E-4
3.425959E+1	8.828526E-2	-8.694704E-4
3.428773E+1	3.191895E-1	-8.694704E-4
3.434401E+1	2.326004E-1	-8.694704E-4
3.417517E+1	2.037374E-1	-8.694704E-4
3.212084E+1	1.748744E-1	-8.694704E-4
3.591994E+1	2.037374E-1	-8.694704E-4
3.347163E+1	2.614635E-1	-8.694704E-4
3.445658E+1	2.037374E-1	-8.694704E-4
3.406260E+1	2.326004E-1	-8.694704E-4
3.409074E+1	2.326004E-1	-8.694704E-4
3.397818E+1	2.614635E-1	-8.694704E-4
3.372490E+1	1.748744E-1	-8.694704E-4
3.389375E+1	-1.426190E-1	-8.694704E-4
3.358419E+1	7.809981E-1	-8.694704E-4
3.352791E+1	1.213944E+0	-8.694704E-4
3.349977E+1	3.191895E-1	-8.694704E-4
3.352791E+1	-2.716689E-2	-8.694704E-4
3.341535E+1	1.460113E-1	-8.694704E-4
3.319021E+1	6.366829E-1	-8.694704E-4
3.333092E+1	3.480526E-1	-8.694704E-4
3.327464E+1	1.011902E+0	-8.694704E-4
3.299322E+1	7.232721E-1	-8.694704E-4
3.288066E+1	6.655460E-1	-8.694704E-4
3.285252E+1	7.809981E-1	-8.694704E-4
3.279623E+1	1.271670E+0	-8.694704E-4
3.262738E+1	1.300533E+0	-8.694704E-4
3.254296E+1	1.646889E+0	-8.694704E-4
3.257110E+1	2.166424E+0	-8.694704E-4
3.240225E+1	1.358259E+0	-8.694704E-4
3.237411E+1	2.310739E+0	-8.694704E-4
3.214898E+1	3.090041E+0	-8.694704E-4
3.217712E+1	1.964383E+0	-8.694704E-4
3.200827E+1	2.541643E+0	-8.694704E-4
3.192385E+1	2.253013E+0	-8.694704E-4
3.181128E+1	2.483917E+0	-8.694704E-4
3.178314E+1	2.859137E+0	-8.694704E-4
3.169871E+1	2.570506E+0	-8.694704E-4
3.155801E+1	2.512780E+0	-8.694704E-4
3.147358E+1	3.003452E+0	-8.694704E-4
3.138916E+1	2.888000E+0	-8.694704E-4
3.127659E+1	2.974589E+0	-8.694704E-4
3.113588E+1	3.176630E+0	-8.694704E-4
3.102332E+1	2.945726E+0	-8.694704E-4
3.102332E+1	3.320945E+0	-8.694704E-4
3.088261E+1	3.147767E+0	-8.694704E-4
3.068562E+1	3.061178E+0	-8.694704E-4
3.060120E+1	3.205493E+0	-8.694704E-4
3.071376E+1	3.609576E+0	-8.694704E-4
3.043235E+1	3.696165E+0	-8.694704E-4
3.040420E+1	3.580713E+0	-8.694704E-4
3.031978E+1	3.840480E+0	-8.694704E-4
3.026350E+1	3.580713E+0	-8.694704E-4
3.012279E+1	3.984795E+0	-8.694704E-4
3.001022E+1	4.129110E+0	-8.694704E-4
2.989766E+1	3.898206E+0	-8.694704E-4
2.981323E+1	4.013658E+0	-8.694704E-4
2.975695E+1	3.869343E+0	-8.694704E-4
2.970067E+1	4.331152E+0	-8.694704E-4
2.958810E+1	4.157973E+0	-8.694704E-4
2.936297E+1	4.331152E+0	-8.694704E-4
2.930669E+1	4.446604E+0	-8.694704E-4
2.922226E+1	4.186836E+0	-8.694704E-4
2.916598E+1	4.590919E+0	-8.694704E-4
2.908155E+1	4.706371E+0	-8.694704E-4
2.891271E+1	4.937275E+0	-8.694704E-4
2.891271E+1	4.504330E+0	-8.694704E-4
2.880014E+1	4.792960E+0	-8.694704E-4
2.868757E+1	4.966138E+0	-8.694704E-4
2.865943E+1	5.485673E+0	-8.694704E-4
2.857501E+1	5.110454E+0	-8.694704E-4
2.849058E+1	4.995001E+0	-8.694704E-4
2.832173E+1	4.966138E+0	-8.694704E-4
2.823731E+1	5.023864E+0	-8.694704E-4
2.812474E+1	5.197043E+0	-8.694704E-4
2.801218E+1	5.341358E+0	-8.694704E-4
2.795589E+1	4.937275E+0	-8.694704E-4
2.778705E+1	5.283632E+0	-8.694704E-4
2.778705E+1	5.399084E+0	-8.694704E-4
2.770262E+1	5.572262E+0	-8.694704E-4
2.759005E+1	5.456810E+0	-8.694704E-4
2.753377E+1	5.745440E+0	-8.694704E-4
2.739306E+1	5.399084E+0	-8.694704E-4
2.739306E+1	5.658851E+0	-8.694704E-4
2.719607E+1	6.207249E+0	-8.694704E-4
2.716793E+1	5.976345E+0	-8.694704E-4
2.702722E+1	5.947482E+0	-8.694704E-4
2.697094E+1	5.976345E+0	-8.694704E-4
2.688652E+1	5.947482E+0	-8.694704E-4
2.683023E+1	6.149523E+0	-8.694704E-4
2.668953E+1	6.034071E+0	-8.694704E-4
2.663324E+1	6.553605E+0	-8.694704E-4
2.640811E+1	6.034071E+0	-8.694704E-4
2.643625E+1	6.380427E+0	-8.694704E-4
2.632369E+1	6.236112E+0	-8.694704E-4
2.626740E+1	6.495879E+0	-8.694704E-4
2.615484E+1	6.351564E+0	-8.694704E-4
2.604227E+1	6.264975E+0	-8.694704E-4
2.607041E+1	6.438153E+0	-8.694704E-4
2.584528E+1	6.467016E+0	-8.694704E-4
2.570457E+1	6.380427E+0	-8.694704E-4
2.576086E+1	6.928825E+0	-8.694704E-4
2.570457E+1	6.813373E+0	-8.694704E-4
2.550758E+1	6.697921E+0	-8.694704E-4
2.550758E+1	6.813373E+0	-8.694704E-4
2.531059E+1	6.669058E+0	-8.694704E-4
2.516989E+1	6.842236E+0	-8.694704E-4
2.508546E+1	6.640194E+0	-8.694704E-4
2.508546E+1	7.044277E+0	-8.694704E-4
2.497289E+1	7.044277E+0	-8.694704E-4
2.477590E+1	7.130866E+0	-8.694704E-4
2.474776E+1	7.361770E+0	-8.694704E-4
2.483219E+1	7.304044E+0	-8.694704E-4
2.455077E+1	7.159729E+0	-8.694704E-4
2.460706E+1	7.332907E+0	-8.694704E-4
2.443821E+1	7.217455E+0	-8.694704E-4
2.441006E+1	7.419496E+0	-8.694704E-4
2.429750E+1	7.419496E+0	-8.694704E-4
2.424122E+1	7.477223E+0	-8.694704E-4
2.401608E+1	7.448359E+0	-8.694704E-4
2.415679E+1	7.650401E+0	-8.694704E-4
2.381909E+1	7.390633E+0	-8.694704E-4
2.373467E+1	7.563812E+0	-8.694704E-4
2.373467E+1	7.563812E+0	-8.694704E-4
2.370653E+1	7.852442E+0	-8.694704E-4
2.356582E+1	7.679264E+0	-8.694704E-4
2.350954E+1	7.679264E+0	-8.694704E-4
2.339697E+1	7.996757E+0	-8.694704E-4
2.336883E+1	7.967894E+0	-8.694704E-4
2.319998E+1	8.141072E+0	-8.694704E-4
2.317184E+1	8.198798E+0	-8.694704E-4
2.305927E+1	8.112209E+0	-8.694704E-4
2.291857E+1	8.227661E+0	-8.694704E-4
2.286228E+1	8.400840E+0	-8.694704E-4
2.280600E+1	8.429703E+0	-8.694704E-4
2.269343E+1	8.458566E+0	-8.694704E-4
2.255273E+1	8.458566E+0	-8.694704E-4
2.255273E+1	8.429703E+0	-8.694704E-4
2.255273E+1	8.458566E+0	-8.694704E-4
2.241202E+1	8.487429E+0	-8.694704E-4
2.238388E+1	8.631744E+0	-8.694704E-4
2.221503E+1	8.574018E+0	-8.694704E-4
2.213060E+1	8.545155E+0	-8.694704E-4
2.198990E+1	8.631744E+0	-8.694704E-4
2.207432E+1	8.660607E+0	-8.694704E-4
2.196175E+1	8.718333E+0	-8.694704E-4
2.173662E+1	8.891511E+0	-8.694704E-4
2.173662E+1	8.891511E+0	-8.694704E-4
2.162406E+1	8.718333E+0	-8.694704E-4
2.159591E+1	8.833785E+0	-8.694704E-4
2.156777E+1	8.891511E+0	-8.694704E-4
2.142707E+1	8.776059E+0	-8.694704E-4
2.145521E+1	8.949237E+0	-8.694704E-4
2.123008E+1	9.006963E+0	-8.694704E-4
2.123008E+1	9.006963E+0	-8.694704E-4
2.117379E+1	8.891511E+0	-8.694704E-4
2.108937E+1	8.862648E+0	-8.694704E-4
2.094866E+1	9.064690E+0	-8.694704E-4
2.094866E+1	9.266731E+0	-8.694704E-4
2.080795E+1	9.237868E+0	-8.694704E-4
2.061096E+1	9.035826E+0	-8.694704E-4
2.061096E+1	9.266731E+0	-8.694704E-4
2.049840E+1	9.468772E+0	-8.694704E-4
2.049840E+1	9.324457E+0	-8.694704E-4
2.041397E+1	9.266731E+0	-8.694704E-4
2.027326E+1	9.382183E+0	-8.694704E-4
2.032955E+1	9.584224E+0	-8.694704E-4
2.021698E+1	9.411046E+0	-8.694704E-4
2.013256E+1	9.382183E+0	-8.694704E-4
2.004813E+1	9.526498E+0	-8.694704E-4
1.993557E+1	9.411046E+0	-8.694704E-4
1.985114E+1	9.584224E+0	-8.694704E-4
1.973858E+1	9.468772E+0	-8.694704E-4
1.968229E+1	9.439909E+0	-8.694704E-4
1.968229E+1	9.526498E+0	-8.694704E-4
1.959787E+1	9.641950E+0	-8.694704E-4
1.945716E+1	9.641950E+0	-8.694704E-4
1.951344E+1	9.959444E+0	-8.694704E-4
1.931645E+1	9.843991E+0	-8.694704E-4
1.931645E+1	9.815128E+0	-8.694704E-4
1.917575E+1	9.843991E+0	-8.694704E-4
1.911946E+1	9.930581E+0	-8.694704E-4
1.909132E+1	9.872855E+0	-8.694704E-4
1.895061E+1	1.001717E+1	-8.694704E-4
1.889433E+1	9.786265E+0	-8.694704E-4
1.886619E+1	9.901718E+0	-8.694704E-4
1.880991E+1	9.786265E+0	-8.694704E-4
1.864106E+1	9.959444E+0	-8.694704E-4
1.864106E+1	9.988307E+0	-8.694704E-4
1.850035E+1	1.036353E+1	-8.694704E-4
1.847221E+1	1.010376E+1	-8.694704E-4
1.841593E+1	9.843991E+0	-8.694704E-4
1.833150E+1	1.004603E+1	-8.694704E-4
1.819079E+1	1.016148E+1	-8.694704E-4
1.819079E+1	1.027694E+1	-8.694704E-4
1.802194E+1	1.024807E+1	-8.694704E-4
1.805009E+1	1.016148E+1	-8.694704E-4
1.788124E+1	1.021921E+1	-8.694704E-4
1.779681E+1	1.024807E+1	-8.694704E-4
1.776867E+1	1.030580E+1	-8.694704E-4
1.765610E+1	1.045012E+1	-8.694704E-4
1.776867E+1	1.036353E+1	-8.694704E-4
1.745911E+1	1.027694E+1	-8.694704E-4
1.743097E+1	1.027694E+1	-8.694704E-4
1.745911E+1	1.062329E+1	-8.694704E-4
1.731841E+1	1.053670E+1	-8.694704E-4
1.726212E+1	1.056557E+1	-8.694704E-4
1.723398E+1	1.042125E+1	-8.694704E-4
1.700885E+1	1.059443E+1	-8.694704E-4
1.703699E+1	1.062329E+1	-8.694704E-4
1.692443E+1	1.068102E+1	-8.694704E-4
1.689628E+1	1.091192E+1	-8.694704E-4
1.692443E+1	1.079647E+1	-8.694704E-4
1.675558E+1	1.056557E+1	-8.694704E-4
1.669929E+1	1.070988E+1	-8.694704E-4
1.669929E+1	1.076761E+1	-8.694704E-4
1.664301E+1	1.068102E+1	-8.694704E-4
1.647416E+1	1.068102E+1	-8.694704E-4
1.641788E+1	1.068102E+1	-8.694704E-4
1.638974E+1	1.085420E+1	-8.694704E-4
1.627717E+1	1.088306E+1	-8.694704E-4
1.622089E+1	1.079647E+1	-8.694704E-4
1.616460E+1	1.085420E+1	-8.694704E-4
1.613646E+1	1.094079E+1	-8.694704E-4
1.608018E+1	1.085420E+1	-8.694704E-4
1.599576E+1	1.091192E+1	-8.694704E-4
1.593947E+1	1.102738E+1	-8.694704E-4
1.591133E+1	1.105624E+1	-8.694704E-4
1.574248E+1	1.091192E+1	-8.694704E-4
1.574248E+1	1.088306E+1	-8.694704E-4
1.571434E+1	1.102738E+1	-8.694704E-4
1.562992E+1	1.099851E+1	-8.694704E-4
1.546107E+1	1.120055E+1	-8.694704E-4
1.543293E+1	1.111397E+1	-8.694704E-4
1.537664E+1	1.096965E+1	-8.694704E-4
1.526408E+1	1.091192E+1	-8.694704E-4
1.520779E+1	1.140260E+1	-8.694704E-4
1.515151E+1	1.122942E+1	-8.694704E-4
1.503894E+1	1.117169E+1	-8.694704E-4
1.503894E+1	1.134487E+1	-8.694704E-4
1.498266E+1	1.111397E+1	-8.694704E-4
1.492638E+1	1.108510E+1	-8.694704E-4
1.478567E+1	1.146032E+1	-8.694704E-4
1.478567E+1	1.122942E+1	-8.694704E-4
1.456054E+1	1.143146E+1	-8.694704E-4
1.461682E+1	1.137373E+1	-8.694704E-4
1.456054E+1	1.137373E+1	-8.694704E-4
1.450426E+1	1.122942E+1	-8.694704E-4
1.433541E+1	1.131601E+1	-8.694704E-4
1.430727E+1	1.128714E+1	-8.694704E-4
1.422284E+1	1.151805E+1	-8.694704E-4
1.413842E+1	1.125828E+1	-8.694704E-4
1.411028E+1	1.131601E+1	-8.694704E-4
1.402585E+1	1.134487E+1	-8.694704E-4
1.394143E+1	1.134487E+1	-8.694704E-4
1.374444E+1	1.131601E+1	-8.694704E-4
1.380072E+1	1.146032E+1	-8.694704E-4
1.374444E+1	1.131601E+1	-8.694704E-4
1.360373E+1	1.131601E+1	-8.694704E-4
1.366001E+1	1.140260E+1	4.220685E-3
1.354745E+1	1.140260E+1	-8.694704E-4
1.351930E+1	1.137373E+1	-8.694704E-4
1.349116E+1	1.160464E+1	-8.694704E-4
1.329417E+1	1.151805E+1	-8.694704E-4
1.326603E+1	1.160464E+1	-8.694704E-4
1.318161E+1	1.134487E+1	-8.694704E-4
1.318161E+1	1.146032E+1	-8.694704E-4
1.306904E+1	1.177781E+1	-8.694704E-4
1.312532E+1	1.197986E+1	-8.694704E-4
1.295647E+1	1.174895E+1	-8.694704E-4
1.284391E+1	1.160464E+1	-8.694704E-4
1.278762E+1	1.174895E+1	-8.694704E-4
1.284391E+1	1.174895E+1	-8.694704E-4
1.275948E+1	1.151805E+1	-8.694704E-4
1.267506E+1	1.154691E+1	-8.694704E-4
1.273134E+1	1.172009E+1	-8.694704E-4
1.247807E+1	1.189327E+1	-8.694704E-4
1.247807E+1	1.160464E+1	-8.694704E-4
1.242179E+1	1.172009E+1	-8.694704E-4
1.225294E+1	1.157577E+1	-8.694704E-4
1.225294E+1	1.183554E+1	-8.694704E-4
1.214037E+1	1.172009E+1	-8.694704E-4
1.211223E+1	1.177781E+1	-8.694704E-4
1.205595E+1	1.172009E+1	-8.694704E-4
1.199966E+1	1.166236E+1	-8.694704E-4
1.199966E+1	1.189327E+1	-8.694704E-4
1.191524E+1	1.177781E+1	-8.694704E-4
1.174639E+1	1.180668E+1	-8.694704E-4
1.174639E+1	1.172009E+1	-8.694704E-4
1.177453E+1	1.157577E+1	-8.694704E-4
1.166196E+1	1.200872E+1	-8.694704E-4
1.143683E+1	1.177781E+1	-8.694704E-4
1.152126E+1	1.169123E+1	-8.694704E-4
1.143683E+1	1.180668E+1	-8.694704E-4
1.140869E+1	1.177781E+1	-8.694704E-4
1.138055E+1	1.177781E+1	-8.694704E-4
1.126798E+1	1.180668E+1	-8.694704E-4
1.123984E+1	1.166236E+1	-8.694704E-4
1.118356E+1	1.177781E+1	-8.694704E-4
1.112728E+1	1.172009E+1	-8.694704E-4
1.101471E+1	1.206645E+1	-8.694704E-4
1.101471E+1	1.169123E+1	-8.694704E-4
1.090214E+1	1.177781E+1	-8.694704E-4
1.093029E+1	1.186440E+1	-8.694704E-4
1.087400E+1	1.183554E+1	-8.694704E-4
1.081772E+1	1.177781E+1	-8.694704E-4
1.073330E+1	1.177781E+1	-8.694704E-4
1.062073E+1	1.200872E+1	-8.694704E-4
1.056445E+1	1.172009E+1	-8.694704E-4
1.053630E+1	1.195099E+1	-8.694704E-4
1.050816E+1	1.174895E+1	-8.694704E-4
1.022675E+1	1.169123E+1	-8.694704E-4
1.033931E+1	1.186440E+1	-8.694704E-4
1.028303E+1	1.180668E+1	-8.694704E-4
1.019861E+1	1.180668E+1	-8.694704E-4
1.014232E+1	1.189327E+1	-8.694704E-4
1.008604E+1	1.177781E+1	-8.694704E-4
1.019861E+1	1.186440E+1	-8.694704E-4
1.031117E+1	1.183554E+1	-8.694704E-4
1.002976E+1	1.200872E+1	-8.694704E-4
9.776484E+0	1.169123E+1	-8.694704E-4
9.663918E+0	1.200872E+1	-8.694704E-4
9.692060E+0	1.134487E+1	-8.694704E-4
9.692060E+0	1.203758E+1	-8.694704E-4
9.663918E+0	1.197986E+1	-8.694704E-4
9.551352E+0	1.238394E+1	-8.694704E-4
9.523211E+0	1.186440E+1	-8.694704E-4
9.495069E+0	1.186440E+1	-8.694704E-4
9.410645E+0	1.206645E+1	-8.694704E-4
9.354362E+0	1.183554E+1	-8.694704E-4
9.269937E+0	1.189327E+1	-8.694704E-4
9.213654E+0	1.195099E+1	-8.694704E-4
9.213654E+0	1.192213E+1	-8.694704E-4
9.101088E+0	1.189327E+1	-8.694704E-4
9.101088E+0	1.186440E+1	-8.694704E-4
8.960381E+0	1.186440E+1	-8.694704E-4
8.932239E+0	1.209531E+1	-8.694704E-4
8.875956E+0	1.200872E+1	-8.694704E-4
8.791532E+0	1.183554E+1	-8.694704E-4
8.791532E+0	1.180668E+1	-8.694704E-4
8.763390E+0	1.195099E+1	-8.694704E-4
8.678966E+0	1.195099E+1	-8.694704E-4
8.650824E+0	1.189327E+1	-8.694704E-4
8.538258E+0	1.189327E+1	-8.694704E-4
8.453834E+0	1.200872E+1	-8.694704E-4
8.341268E+0	1.177781E+1	-8.694704E-4
8.341268E+0	1.183554E+1	-8.694704E-4
8.341268E+0	1.200872E+1	-8.694704E-4
8.172419E+0	1.151805E+1	-8.694704E-4
8.256843E+0	1.195099E+1	-8.694704E-4
8.228702E+0	1.192213E+1	-8.694704E-4
7.975428E+0	1.189327E+1	-8.694704E-4
7.975428E+0	1.183554E+1	-8.694704E-4
7.975428E+0	1.186440E+1	-8.694704E-4
7.947287E+0	1.183554E+1	-8.694704E-4
7.834721E+0	1.186440E+1	-8.694704E-4
7.806579E+0	1.209531E+1	-8.694704E-4
7.722154E+0	1.189327E+1	-8.694704E-4
7.637730E+0	1.180668E+1	-8.694704E-4
7.581447E+0	1.189327E+1	-8.694704E-4
7.609588E+0	1.195099E+1	-8.694704E-4
7.581447E+0	1.189327E+1	-8.694704E-4
7.468881E+0	1.192213E+1	-8.694704E-4
7.440739E+0	1.183554E+1	-8.694704E-4
7.328173E+0	1.195099E+1	-8.694704E-4
7.328173E+0	1.197986E+1	-8.694704E-4
7.356315E+0	1.189327E+1	-8.694704E-4
7.243749E+0	1.172009E+1	-8.694704E-4
7.159324E+0	1.192213E+1	-8.694704E-4
7.131183E+0	1.195099E+1	-8.694704E-4
7.074900E+0	1.206645E+1	-8.694704E-4
6.990475E+0	1.180668E+1	-8.694704E-4
6.877909E+0	1.183554E+1	-8.694704E-4
6.709060E+0	1.195099E+1	-8.694704E-4
6.680919E+0	1.189327E+1	-8.694704E-4
6.652777E+0	1.174895E+1	-8.694704E-4
6.568353E+0	1.186440E+1	-8.694704E-4
6.596494E+0	1.172009E+1	-8.694704E-4
6.568353E+0	1.177781E+1	-8.694704E-4
6.540211E+0	1.180668E+1	-8.694704E-4
6.540211E+0	1.186440E+1	-8.694704E-4
6.371362E+0	1.183554E+1	-8.694704E-4
6.286938E+0	1.166236E+1	-8.694704E-4
6.371362E+0	1.172009E+1	-8.694704E-4
6.174372E+0	1.174895E+1	-8.694704E-4
6.146230E+0	1.183554E+1	-8.694704E-4
6.202513E+0	1.160464E+1	-8.694704E-4
6.118089E+0	1.174895E+1	-8.694704E-4
6.033664E+0	1.172009E+1	-8.694704E-4
6.033664E+0	1.154691E+1	-8.694704E-4
5.921098E+0	1.169123E+1	-8.694704E-4
6.005523E+0	1.174895E+1	-8.694704E-4
5.808532E+0	1.166236E+1	-8.694704E-4
5.836674E+0	1.160464E+1	-8.694704E-4
5.752249E+0	1.166236E+1	-8.694704E-4
5.695966E+0	1.166236E+1	-8.694704E-4
5.639683E+0	1.177781E+1	-8.694704E-4
5.611542E+0	1.169123E+1	-8.694704E-4
5.611542E+0	1.180668E+1	-8.694704E-4
5.555259E+0	1.157577E+1	-8.694704E-4
5.498976E+0	1.157577E+1	-8.694704E-4
5.470834E+0	1.166236E+1	-8.694704E-4
5.386410E+0	1.154691E+1	-8.694704E-4
5.330127E+0	1.160464E+1	-8.694704E-4
5.273844E+0	1.163350E+1	-8.694704E-4
5.245702E+0	1.174895E+1	-8.694704E-4
5.161278E+0	1.163350E+1	-8.694704E-4
5.161278E+0	1.163350E+1	-8.694704E-4
5.076853E+0	1.154691E+1	-8.694704E-4
4.964287E+0	1.140260E+1	-8.694704E-4
5.020570E+0	1.163350E+1	-8.694704E-4
5.048712E+0	1.151805E+1	-8.694704E-4
4.964287E+0	1.143146E+1	-8.694704E-4
4.851721E+0	1.148918E+1	-8.694704E-4
4.795438E+0	1.154691E+1	-8.694704E-4
4.767297E+0	1.157577E+1	-8.694704E-4
4.711014E+0	1.160464E+1	-8.694704E-4
4.598448E+0	1.151805E+1	-8.694704E-4
4.682872E+0	1.146032E+1	-8.694704E-4
4.542165E+0	1.154691E+1	-8.694704E-4
4.514023E+0	1.154691E+1	-8.694704E-4
4.457740E+0	1.146032E+1	-8.694704E-4
4.457740E+0	1.143146E+1	-8.694704E-4
4.373316E+0	1.148918E+1	-8.694704E-4
4.401457E+0	1.151805E+1	-8.694704E-4
4.345174E+0	1.169123E+1	-8.694704E-4
4.288891E+0	1.143146E+1	-8.694704E-4
4.176325E+0	1.128714E+1	-8.694704E-4
4.317033E+0	1.146032E+1	-8.694704E-4
4.232608E+0	1.140260E+1	-8.694704E-4
4.091901E+0	1.137373E+1	-8.694704E-4
4.007476E+0	1.143146E+1	-8.694704E-4
4.007476E+0	1.140260E+1	-8.694704E-4
3.923052E+0	1.137373E+1	-8.694704E-4
3.923052E+0	1.125828E+1	-8.694704E-4
3.894910E+0	1.125828E+1	-8.694704E-4
3.754203E+0	1.131601E+1	-8.694704E-4
3.697920E+0	1.125828E+1	-8.694704E-4
3.754203E+0	1.131601E+1	-8.694704E-4
3.585354E+0	1.120055E+1	-8.694704E-4
3.641637E+0	1.125828E+1	-8.694704E-4
3.557212E+0	1.120055E+1	-8.694704E-4
3.613495E+0	1.105624E+1	-8.694704E-4
3.529071E+0	1.108510E+1	-8.694704E-4
3.444646E+0	1.111397E+1	-8.694704E-4
3.472788E+0	1.117169E+1	-8.694704E-4
3.360222E+0	1.122942E+1	-8.694704E-4
3.303939E+0	1.105624E+1	-8.694704E-4
3.444646E+0	1.114283E+1	-8.694704E-4
3.275797E+0	1.102738E+1	-8.694704E-4
3.219514E+0	1.114283E+1	-8.694704E-4
3.219514E+0	1.105624E+1	-8.694704E-4
3.247656E+0	1.111397E+1	-8.694704E-4
3.135090E+0	1.096965E+1	-8.694704E-4
3.163231E+0	1.088306E+1	-8.694704E-4
3.106948E+0	1.099851E+1	-8.694704E-4
2.966241E+0	1.094079E+1	-8.694704E-4
2.994382E+0	1.099851E+1	-8.694704E-4
2.909958E+0	1.091192E+1	-8.694704E-4
2.909958E+0	1.094079E+1	-8.694704E-4
2.881816E+0	1.073875E+1	-8.694704E-4
2.909958E+0	1.096965E+1	-8.694704E-4
2.741109E+0	1.062329E+1	-8.694704E-4
2.853675E+0	1.082533E+1	-8.694704E-4
2.684826E+0	1.082533E+1	-8.694704E-4
2.741109E+0	1.079647E+1	-8.694704E-4
2.741109E+0	1.082533E+1	-8.694704E-4
2.684826E+0	1.094079E+1	-8.694704E-4
2.628543E+0	1.068102E+1	-8.694704E-4
2.572260E+0	1.068102E+1	-8.694704E-4
2.487835E+0	1.070988E+1	-8.694704E-4
2.544118E+0	1.073875E+1	-8.694704E-4
2.459694E+0	1.068102E+1	-8.694704E-4
2.487835E+0	1.062329E+1	-8.694704E-4
2.431552E+0	1.056557E+1	-8.694704E-4
2.403411E+0	1.073875E+1	-8.694704E-4
2.431552E+0	1.068102E+1	-8.694704E-4
2.403411E+0	1.050784E+1	-8.694704E-4
2.318986E+0	1.050784E+1	-8.694704E-4
2.318986E+0	1.056557E+1	-8.694704E-4
2.206420E+0	1.053670E+1	-8.694704E-4
2.178279E+0	1.056557E+1	-8.694704E-4
2.150137E+0	1.050784E+1	-8.694704E-4
2.121996E+0	1.042125E+1	-8.694704E-4
2.093854E+0	1.053670E+1	-8.694704E-4
2.093854E+0	1.036353E+1	-8.694704E-4
2.093854E+0	1.039239E+1	-8.694704E-4
2.009430E+0	1.030580E+1	-8.694704E-4
1.953147E+0	1.039239E+1	-8.694704E-4
1.896864E+0	1.033466E+1	-8.694704E-4
1.953147E+0	1.027694E+1	-8.694704E-4
1.896864E+0	1.033466E+1	-8.694704E-4
1.953147E+0	1.016148E+1	-8.694704E-4
1.812439E+0	1.030580E+1	-8.694704E-4
1.840581E+0	1.010376E+1	-8.694704E-4
1.728015E+0	1.027694E+1	-8.694704E-4
1.587307E+0	1.013262E+1	-8.694704E-4
1.587307E+0	1.016148E+1	-8.694704E-4
1.559166E+0	1.019035E+1	-8.694704E-4
1.615449E+0	1.024807E+1	-8.694704E-4
1.531024E+0	1.013262E+1	-8.694704E-4
1.502883E+0	1.004603E+1	-8.694704E-4
1.418458E+0	1.007490E+1	-8.694704E-4
1.390317E+0	1.001717E+1	-8.694704E-4
1.418458E+0	1.010376E+1	-8.694704E-4
1.305892E+0	1.010376E+1	-8.694704E-4
1.305892E+0	1.016148E+1	-8.694704E-4
1.277751E+0	9.930581E+0	-8.694704E-4
1.249609E+0	9.988307E+0	-8.694704E-4
1.249609E+0	9.872855E+0	-8.694704E-4
1.193326E+0	9.930581E+0	-8.694704E-4
1.108902E+0	9.959444E+0	-8.694704E-4
1.080760E+0	9.641950E+0	-8.694704E-4
1.052619E+0	9.815128E+0	-8.694704E-4
1.108902E+0	9.815128E+0	-8.694704E-4
9.963356E-1	9.670813E+0	-8.694704E-4
9.681941E-1	9.699676E+0	-8.694704E-4
9.681941E-1	9.728539E+0	-8.694704E-4
8.837696E-1	9.555361E+0	-8.694704E-4
7.712036E-1	9.555361E+0	-8.694704E-4
7.430621E-1	9.757402E+0	-8.694704E-4
7.993451E-1	9.555361E+0	-8.694704E-4
7.993451E-1	9.699676E+0	-8.694704E-4
7.430621E-1	9.584224E+0	-8.694704E-4
6.867791E-1	9.728539E+0	-8.694704E-4
6.867791E-1	9.468772E+0	-8.694704E-4
5.742131E-1	9.382183E+0	-8.694704E-4
6.023546E-1	9.266731E+0	-8.694704E-4
6.023546E-1	9.613087E+0	-8.694704E-4
5.742131E-1	9.526498E+0	-8.694704E-4
4.897886E-1	9.353320E+0	-8.694704E-4
5.742131E-1	9.180142E+0	-8.694704E-4
5.460716E-1	9.439909E+0	-8.694704E-4
5.742131E-1	9.411046E+0	-8.694704E-4
4.897886E-1	8.776059E+0	-8.694704E-4
6.023546E-1	9.151279E+0	-8.694704E-4
5.460716E-1	9.180142E+0	-8.694704E-4
4.897886E-1	8.891511E+0	-8.694704E-4
4.897886E-1	8.891511E+0	-8.694704E-4
4.897886E-1	8.747196E+0	-8.694704E-4
4.616471E-1	8.862648E+0	-8.694704E-4
4.616471E-1	8.920374E+0	-8.694704E-4
4.335056E-1	9.151279E+0	-8.694704E-4
4.897886E-1	8.718333E+0	-8.694704E-4
5.179301E-1	9.006963E+0	-8.694704E-4
5.179301E-1	8.660607E+0	-8.694704E-4
4.616471E-1	8.545155E+0	-8.694704E-4
4.053641E-1	8.545155E+0	-8.694704E-4
5.179301E-1	8.776059E+0	-8.694704E-4
4.897886E-1	8.545155E+0	-8.694704E-4
5.460716E-1	8.429703E+0	-8.694704E-4
4.053641E-1	8.314251E+0	-8.694704E-4
4.616471E-1	8.285388E+0	-8.694704E-4
4.897886E-1	8.198798E+0	-8.694704E-4
3.772226E-1	8.141072E+0	-8.694704E-4
4.053641E-1	8.112209E+0	4.220685E-3
4.053641E-1	7.996757E+0	-8.694704E-4
4.335056E-1	7.967894E+0	-8.694704E-4
5.179301E-1	7.823579E+0	-8.694704E-4
4.616471E-1	7.996757E+0	-8.694704E-4
4.897886E-1	7.852442E+0	-8.694704E-4
4.616471E-1	7.765853E+0	-8.694704E-4
4.335056E-1	7.708127E+0	-8.694704E-4
4.897886E-1	7.679264E+0	-8.694704E-4
4.897886E-1	7.794716E+0	-8.694704E-4
4.616471E-1	7.563812E+0	-8.694704E-4
4.335056E-1	7.477223E+0	-8.694704E-4
4.897886E-1	7.448359E+0	-8.694704E-4
4.335056E-1	7.506086E+0	-8.694704E-4
4.897886E-1	7.534949E+0	-8.694704E-4
4.616471E-1	7.275181E+0	-8.694704E-4
4.897886E-1	7.246318E+0	-8.694704E-4
4.335056E-1	7.217455E+0	-8.694704E-4
4.335056E-1	7.188592E+0	-8.694704E-4
4.335056E-1	7.102003E+0	-8.694704E-4
4.616471E-1	6.899962E+0	-8.694704E-4
3.209396E-1	6.899962E+0	-8.694704E-4
4.335056E-1	6.986551E+0	-8.694704E-4
5.179301E-1	6.899962E+0	-8.694704E-4
4.053641E-1	6.784510E+0	-8.694704E-4
4.616471E-1	6.813373E+0	-8.694704E-4
4.335056E-1	6.726784E+0	-8.694704E-4
4.335056E-1	6.669058E+0	-8.694704E-4
4.897886E-1	6.611331E+0	-8.694704E-4
4.616471E-1	6.611331E+0	-8.694704E-4
4.616471E-1	6.611331E+0	-8.694704E-4
4.335056E-1	6.495879E+0	-8.694704E-4
5.179301E-1	6.438153E+0	-8.694704E-4
3.772226E-1	6.438153E+0	-8.694704E-4
4.897886E-1	6.322701E+0	-8.694704E-4
4.616471E-1	6.264975E+0	-8.694704E-4
4.335056E-1	6.149523E+0	-8.694704E-4
5.460716E-1	6.149523E+0	-8.694704E-4
4.616471E-1	6.120660E+0	-8.694704E-4
5.179301E-1	5.976345E+0	-8.694704E-4
4.897886E-1	6.091797E+0	-8.694704E-4
4.897886E-1	6.005208E+0	-8.694704E-4
4.616471E-1	5.947482E+0	-8.694704E-4
4.053641E-1	5.832029E+0	-8.694704E-4
4.616471E-1	5.918619E+0	-8.694704E-4
4.335056E-1	5.803166E+0	-8.694704E-4
3.772226E-1	5.716577E+0	-8.694704E-4
5.460716E-1	5.745440E+0	-8.694704E-4
4.335056E-1	5.774303E+0	-8.694704E-4
4.335056E-1	5.658851E+0	-8.694704E-4
4.616471E-1	5.514536E+0	-8.694704E-4
4.897886E-1	5.485673E+0	-8.694704E-4
3.772226E-1	5.543399E+0	-8.694704E-4
4.897886E-1	5.341358E+0	-8.694704E-4
4.335056E-1	5.341358E+0	-8.694704E-4
5.179301E-1	5.312495E+0	-8.694704E-4
4.335056E-1	5.254769E+0	-8.694704E-4
4.897886E-1	5.168180E+0	-8.694704E-4
4.335056E-1	5.139317E+0	-8.694704E-4
5.460716E-1	5.168180E+0	-8.694704E-4
4.897886E-1	5.052727E+0	-8.694704E-4
4.616471E-1	5.023864E+0	-8.694704E-4
4.616471E-1	4.937275E+0	-8.694704E-4
4.616471E-1	4.879549E+0	-8.694704E-4
4.053641E-1	4.966138E+0	-8.694704E-4
4.335056E-1	4.850686E+0	-8.694704E-4
4.053641E-1	4.821823E+0	-8.694704E-4
3.772226E-1	4.792960E+0	-8.694704E-4
4.053641E-1	4.706371E+0	-8.694704E-4
4.053641E-1	4.735234E+0	-8.694704E-4
4.053641E-1	4.648645E+0	-8.694704E-4
4.897886E-1	4.504330E+0	-8.694704E-4
3.772226E-1	4.475467E+0	-8.694704E-4
4.053641E-1	4.533193E+0	-8.694704E-4
4.897886E-1	4.446604E+0	-8.694704E-4
4.335056E-1	4.360015E+0	-8.694704E-4
4.335056E-1	4.360015E+0	-8.694704E-4
5.179301E-1	4.302289E+0	-8.694704E-4
4.616471E-1	4.331152E+0	-8.694704E-4
4.335056E-1	4.186836E+0	-8.694704E-4
5.179301E-1	4.215699E+0	-8.694704E-4
4.335056E-1	4.186836E+0	-8.694704E-4
3.209396E-1	4.100247E+0	-8.694704E-4
4.616471E-1	4.100247E+0	-8.694704E-4
4.053641E-1	3.955932E+0	-8.694704E-4
4.335056E-1	4.042521E+0	-8.694704E-4
