0	4.800603	1.763164	1.44
0.02	4.798235	1.795763	47.34
0.04	4.801392	1.782037	92.52
0.06	4.799814	1.806916	138.06
0.08	4.802181	1.937314	183.42
0.1	4.800603	1.718554	229.5
0.12	4.802181	1.775174	275.76
0.14	4.806127	1.740859	321.66
0.16	4.80376	1.842947	365.94
0.18	4.800603	1.831794	411.12
0.2	4.800603	1.877262	456.84
0.22	4.800603	1.731422	501.48
0.24	4.799814	1.848952	548.46
0.26	4.80297	1.757159	593.46
0.28	4.7935	1.667939	639.54
0.3	4.80297	1.76059	684.9
0.32	4.798235	1.761448	729.72
0.34	4.799025	1.74429	774.36
0.36	4.798235	2.001655	819.54
0.38	4.798235	1.794905	864.54
0.4	4.801392	1.871257	910.08
0.42	4.797446	1.712549	956.34
0.44	4.800603	1.730564	1002.42
0.46	4.795868	1.876404	1046.88
0.48	4.798235	1.921872	1091.52
0.5	4.804549	1.757159	1137.24
0.52	4.799814	1.920156	1181.7
0.54	4.799814	1.840373	1226.88
0.56	4.799025	1.766595	1272.6
0.58	4.80297	1.676518	1347.48
0.6	4.7935	1.658502	1364.58
0.62	4.80376	1.842947	1409.76
0.64	4.795079	1.801768	1454.4
0.66	4.806127	1.736569	1499.22
0.68	4.800603	1.917583	1544.4
0.7	4.799814	1.842947	1589.58
0.72	4.800603	1.902141	1635.12
0.74	4.799025	1.711691	1681.74
0.76	4.80376	1.727133	1726.92
0.78	4.797446	1.782037	1772.46
0.8	4.799814	1.8378	1817.1
0.82	4.799025	1.827505	1861.56
0.84	4.799814	1.945893	1906.92
0.86	4.796657	1.751153	1951.74
0.88	4.796657	1.896993	1997.28
0.9	4.805338	1.747722	2044.08
0.92	4.79429	1.742575	2089.62
0.94	4.806127	1.8052	2134.62
0.96	4.80297	1.795763	2178.9
0.98	4.799814	1.870399	2224.44
1	4.797446	1.839515	2269.44
1.02	4.799025	1.746864	2314.8
1.04	4.799814	1.807774	2360.7
1.06	4.799814	1.718554	2406.42
1.08	4.800603	1.698823	2480.4
1.1	4.800603	1.758874	2497.32
1.12	4.801392	1.717696	2541.78
1.14	4.798235	1.946751	2591.46
1.16	4.802181	1.867825	2631.78
1.18	4.800603	1.727991	2677.14
1.2	4.797446	1.86611	2725.74
1.22	4.801392	1.693675	2768.94
1.24	4.797446	1.818926	2814.66
1.26	4.797446	1.799195	2859.48
1.28	4.797446	1.765737	2904.12
1.3	4.800603	1.842947	2953.62
1.32	4.798235	1.90643	2993.94
1.34	4.795079	1.795763	3039.3
1.36	4.799814	1.781179	3084.66
1.38	4.80297	1.668797	3130.92
1.4	4.80297	1.83351	3180.06
1.42	4.797446	1.824931	3221.82
1.44	4.800603	1.792332	3265.92
1.46	4.801392	1.8378	3311.82
1.48	4.801392	1.885841	3356.64
1.5	4.800603	1.800911	3405.78
1.52	4.799814	1.797479	3447.36
1.54	4.799025	1.661934	3493.44
1.56	4.802181	1.76488	3539.52
1.58	4.80376	1.775174	3585.06
1.6	4.801392	1.840373	3634.2
1.62	4.795868	1.898709	3673.8
1.64	4.796657	1.941603	3718.98
1.66	4.801392	1.795763	3765.6
1.68	4.802181	1.755443	3811.14
1.7	4.796657	1.780321	3859.92
1.72	4.7935	1.722843	3901.32
1.74	4.800603	1.764022	3946.14
1.76	4.799025	1.827505	3990.6
1.78	4.802181	1.84981	4035.96
1.8	4.802181	1.816352	4086.36
1.82	4.800603	1.794048	4126.5
1.84	4.802181	1.758016	4172.22
1.86	4.801392	1.661076	4218.3
1.88	4.800603	1.831794	4263.84
1.9	4.799814	1.693675	4312.62
1.92	4.798235	1.835226	4353.3
1.94	4.801392	1.947609	4398.3
1.96	4.796657	1.807774	4443.66
1.98	4.796657	1.84552	4489.02
2	4.798235	1.86611	4542.66
2.02	4.800603	1.773458	4580.64
2.04	4.801392	1.758874	4626.54
2.06	4.797446	1.755443	4671
2.08	4.802181	1.862678	4727.7
2.1	4.801392	1.896993	4765.86
2.12	4.799814	1.841231	4806
2.14	4.797446	1.754585	4851.18
2.16	4.801392	1.704828	4897.08
2.18	4.800603	1.842947	4943.52
2.2	4.799025	1.752011	4994.46
2.22	4.80297	1.704828	5033.7
2.24	4.805338	1.811205	5078.34
2.26	4.80297	1.955329	5123.34
2.28	4.799025	1.871257	5168.52
2.3	4.796657	1.790616	5221.26
2.32	4.799025	1.733138	5259.6
2.34	4.799814	1.873831	5305.5
2.36	4.799814	1.83351	5351.04
2.38	4.79429	1.850668	5396.04
2.4	4.797446	1.83351	5446.44
2.42	4.795868	1.846378	5486.22
2.44	4.806127	1.901283	5530.68
2.46	4.801392	1.872973	5576.04
2.48	4.806127	1.649923	5621.76
2.5	4.773771	1.794905	5673.78
2.52	4.798235	1.856673	5713.38
2.54	4.804549	1.797479	5758.2
2.56	4.795868	1.781179	5802.66
2.58	4.806916	1.774316	5848.02
2.6	4.800603	1.852384	5897.52
2.62	4.802181	1.839515	5938.56
2.64	4.798235	1.71598	6178.5
2.66	4.799814	1.897851	6186.06
2.68	4.800603	1.81721	6202.26
2.7	4.799025	1.836942	6215.76
2.72	9.604297	6.363121	6245.64
2.74	9.60114	6.506386	6247.8
2.76	9.601929	6.628205	6273
2.78	9.598772	5.579019	6333.12
2.8	9.600351	4.961345	6426.54
2.82	9.603507	3.670235	6530.22
2.84	9.602718	3.140922	6635.16
2.86	9.600351	2.885274	6742.62
2.88	9.603507	2.709408	6850.62
2.9	9.603507	2.667372	6957
2.92	9.60114	2.749728	7066.08
2.94	9.602718	2.613325	7174.62
2.96	9.60114	2.575578	7282.44
2.98	9.602718	2.755733	7390.26
3	9.602718	2.722276	7499.52
3.02	9.599562	2.669087	7626.78
3.04	9.603507	2.645925	7714.98
3.06	9.599562	2.59102	7824.06
3.08	9.601929	2.594452	7932.06
3.1	9.599562	2.681098	8037.72
3.12	9.598772	2.673377	8148.78
3.14	9.602718	2.560136	8257.32
3.16	9.600351	2.641635	8369.82
3.18	9.60114	2.732571	8474.04
3.2	9.600351	2.5507	8580.24
3.22	9.600351	2.573863	8690.4
3.24	9.600351	2.662224	8798.22
3.26	9.599562	2.67595	8907.12
3.28	9.601929	2.665656	9015.84
3.3	9.604297	2.581583	9123.48
3.32	9.600351	2.636488	9231.84
3.34	9.600351	2.573863	9340.92
3.36	9.60114	2.660509	9453.24
3.38	9.60114	2.760881	9556.56
3.4	9.597194	2.589304	9664.02
3.42	9.60114	2.707692	9774.18
3.44	9.598772	2.655361	9881.82
3.46	9.603507	2.677666	9995.58
3.48	9.60114	2.743723	10099.8
3.5	9.601929	2.606462	10205.64
3.52	9.600351	2.702545	10316.34
3.54	9.60114	2.5181	10425.24
3.56	9.598772	2.59531	10538.64
3.58	9.598772	2.677666	10641.42
3.6	9.606664	2.503516	10750.86
3.62	9.598772	2.678524	10858.5
3.64	9.601929	2.699971	10966.68
3.66	9.598772	2.648498	11080.8
3.68	9.602718	2.676808	11184.3
3.7	9.597194	2.571289	11291.94
3.72	9.60114	2.554131	11401.38
3.74	9.604297	2.654503	11510.46
3.76	9.598772	2.593594	11618.28
3.78	9.604297	2.687961	11726.82
3.8	9.604297	2.552415	11840.76
3.82	9.595616	2.618472	11943.72
3.84	9.601929	2.745439	12051.54
3.86	9.598772	2.681098	12160.44
3.88	9.60114	2.639062	12268.62
3.9	9.595616	2.681956	12374.64
3.92	9.599562	2.590162	12541.68
3.94	9.602718	2.658793	12594.96
3.96	9.603507	2.699971	12702.06
3.98	9.602718	2.643351	12810.6
4	9.601929	2.621046	12917.7
4.02	9.603507	2.59102	13027.68
4.04	9.60114	2.642493	13136.4
4.06	9.597983	2.731713	13243.14
4.08	9.602718	2.703403	13353.66
4.1	9.605086	2.576436	13518.36
4.12	9.603507	2.627909	13581
4.14	9.60114	2.620188	13680
4.16	9.600351	2.618472	13792.32
4.18	9.600351	2.612467	13896.36
4.2	9.600351	2.523247	14004.18
4.22	9.599562	2.568715	14113.8
4.24	9.603507	2.593594	14222.34
4.26	9.602718	2.633914	14330.88
4.28	9.603507	2.679382	14439.42
4.3	9.600351	2.573005	14547.6
4.32	9.603507	2.687103	14655.78
4.34	9.600351	2.67595	14765.4
4.36	9.602718	2.593594	14878.08
4.38	9.60114	2.566142	14981.94
4.4	9.598772	2.577294	15091.74
4.42	9.601929	2.590162	15199.38
4.44	9.599562	2.711982	15308.46
4.46	9.600351	2.618472	15422.04
4.48	9.600351	2.645925	15525.36
4.5	9.597983	2.676808	15631.92
4.52	9.600351	2.638204	15743.16
4.54	9.603507	2.551558	15852.06
4.56	9.602718	2.672519	15964.38
4.58	9.600351	2.641635	16068.96
4.6	9.603507	2.561852	16178.58
4.62	9.601929	2.571289	16285.5
4.64	9.601929	2.676808	16410.06
4.66	9.603507	2.631341	16507.8
4.68	9.601929	2.598741	16611.48
4.7	9.602718	2.638204	16719.3
4.72	9.60114	2.739434	16829.28
4.74	9.60114	2.621904	16938.54
4.76	9.601929	2.606462	17046
4.78	9.598772	2.694824	17154.36
4.8	9.600351	2.530968	17264.88
4.82	9.60114	2.605604	17371.62
4.84	9.604297	2.672519	17481.42
4.86	9.60114	2.555847	17590.14
4.88	9.602718	2.66823	17697.6
4.9	9.604297	2.651072	17807.4
4.92	9.60114	2.645067	17915.4
4.94	9.60114	2.62362	18023.58
4.96	9.598772	2.57472	18132.12
4.98	9.605875	2.606462	18240.66
5	9.604297	2.659651	18350.46
5.02	9.599562	2.567857	18457.56
5.04	9.606664	2.723992	18566.64
5.06	9.601929	2.558421	18678.42
5.08	9.599562	2.641635	18784.62
5.1	9.601929	2.67595	18893.7
5.12	9.604297	2.66394	19001.34
5.14	9.597983	2.560994	19109.88
5.16	9.601929	2.711124	19219.32
5.18	9.60114	2.645925	19328.04
5.2	9.597983	2.628767	19437.66
5.22	9.605086	2.693966	19544.58
5.24	9.60114	2.733429	19654.02
5.26	9.60114	2.560136	19762.92
5.28	9.601929	2.544695	19871.82
5.3	9.602718	2.584157	19980.9
5.32	9.601929	2.745439	20088.54
5.34	9.597194	2.60732	20197.62
5.36	9.60114	2.572147	20307.42
5.38	9.605086	2.589304	20415.06
5.4	9.601929	2.575578	20525.58
5.42	9.600351	2.618472	20632.32
5.44	9.601929	2.794338	20741.22
5.46	9.601929	2.515527	20851.92
5.48	9.60114	2.520674	20959.02
5.5	9.60114	2.690534	21249.18
5.52	9.603507	2.578152	21260.7
5.54	9.599562	2.729997	21504.96
5.56	4.802181	0.325351	21507.48
5.58	4.798235	0.344225	21510.54
5.6	4.799025	0.354519	21547.26
5.62	4.798235	0.552691	21601.08
5.64	4.802181	1.371111	21649.5
5.66	4.799025	1.528104	21696.84
5.68	4.800603	1.653355	21742.74
5.7	4.80376	1.751153	21788.46
5.72	4.800603	1.784611	21835.08
5.74	4.799025	1.712549	21881.16
5.76	4.800603	1.823216	21928.14
5.78	4.798235	1.794905	21972.06
5.8	4.799814	1.800053	22017.24
5.82	4.795079	1.863536	22062.6
5.84	4.799814	1.897851	22108.32
5.86	4.80297	1.868683	22156.74
5.88	4.800603	1.697107	22200.12
5.9	4.800603	1.716838	22246.56
5.92	4.797446	1.812921	22291.92
5.94	4.799025	1.846378	22336.74
5.96	4.799814	1.767453	22382.1
5.98	4.804549	1.884125	22427.1
6	4.800603	1.742575	22472.28
6.02	4.80297	1.951898	22518.36
6.04	4.802181	1.752869	22566.24
6.06	4.802181	1.724559	22612.5
6.08	4.795868	1.794905	22656.42
6.1	4.802181	1.785469	22700.88
6.12	4.796657	1.848952	22746.6
6.14	4.801392	1.816352	22791.78
6.16	4.801392	1.751153	22839.12
6.18	4.798235	1.825789	22882.68
6.2	4.799025	1.707401	22929.12
6.22	4.799814	1.791474	22975.38
6.24	4.799814	1.787184	23020.74
6.26	4.80297	1.739143	23065.92
6.28	4.800603	1.897851	23110.56
6.3	4.799025	1.913293	23155.74
6.32	4.801392	1.794048	23201.28
6.34	4.802181	1.733996	23247.36
6.36	4.798235	1.707401	23296.86
6.38	4.797446	1.726275	23339.52
6.4	4.799814	1.773458	23384.88
6.42	4.802181	1.848952	23429.7
6.44	4.80376	1.830079	23475.06
6.46	4.801392	1.836084	23522.94
6.48	4.799814	1.775174	23565.96
6.5	4.799814	1.857531	23611.5
6.52	4.801392	1.666223	23657.76
6.54	4.798235	1.727133	23704.02
6.56	4.798235	1.725417	23750.64
6.58	4.799814	1.811205	23793.84
6.6	4.80376	1.830079	23839.38
6.62	4.797446	1.838657	23884.56
6.64	4.799814	1.758874	23930.28
6.66	4.797446	1.736569	23978.16
6.68	4.799814	1.794048	24022.62
6.7	4.801392	1.753727	24068.7
6.72	4.799814	1.746864	24113.7
6.74	4.80376	1.782037	24158.52
6.76	4.821121	1.884983	24204.96
6.78	4.799814	1.889273	24249.06
6.8	4.80297	1.8378	24294.96
6.82	4.796657	1.709975	24340.68
6.84	4.801392	1.863536	24387.12
6.86	4.802181	1.777748	24435.36
6.88	4.800603	1.759732	24478.02
6.9	4.800603	1.859247	24522.84
6.92	4.801392	1.819784	24568.56
6.94	4.799025	1.828363	24613.74
6.96	4.804549	1.914151	24661.44
6.98	4.795079	1.789758	24705.54
7	4.800603	1.761448	24751.62
7.02	4.801392	1.794048	24797.52
7.04	4.796657	1.890988	24842.52
7.06	4.796657	1.896136	24888.06
7.08	4.772982	1.829221	24932.88
7.1	4.799025	1.76059	24977.88
7.12	4.796657	1.878978	25023.6
7.14	4.799814	1.800911	25070.4
7.16	4.799025	1.779464	25117.92
7.18	4.799025	1.734854	25161.84
7.2	4.798235	1.804342	25207.02
7.22	4.80376	1.872115	25252.02
7.24	4.796657	1.886699	25296.48
7.26	4.802181	1.740001	25349.58
7.28	4.796657	1.770027	25388.28
7.3	4.799025	1.706544	25434.54
7.32	4.795868	1.767453	25480.8
7.34	4.805338	1.862678	25526.52
7.36	4.802181	1.782895	25573.86
7.38	4.800603	1.818926	25616.88
7.4	4.80297	1.854957	25662.24
7.42	4.802181	1.801768	25707.96
7.44	4.796657	1.848952	25753.5
7.46	4.833748	1.683381	25801.56
7.48	4.800603	1.783753	25846.2
7.5	4.802181	1.874689	25891.56
7.52	4.797446	1.869541	25937.46
7.54	4.800603	1.779464	25981.2
7.56	4.802181	1.902141	26027.28
7.58	4.796657	1.787184	26072.28
7.6	4.802181	1.887557	26118.18
7.62	4.798235	1.768311	26164.44
7.64	4.80297	1.76059	26210.7
7.66	4.798235	1.766595	26257.68
7.68	4.800603	1.8052	26300.7
7.7	4.799025	1.924446	26346.24
7.72	4.801392	1.923588	26391.78
7.74	4.801392	1.709975	26443.62
7.76	4.796657	1.84552	26484.66
7.78	4.799814	1.680807	26529.48
7.8	4.799814	1.733996	26575.74
7.82	4.801392	1.74858	26620.92
7.84	4.799814	1.763164	26665.74
7.86	4.799814	1.892704	26713.08
7.88	4.802181	1.931309	26755.56
7.9	4.802181	1.830079	26802
7.92	4.799814	1.737427	26848.08
7.94	4.799814	1.661934	26894.52
7.96	4.801392	1.818068	26942.76
7.98	4.799814	1.723701	26985.6
8	4.799025	1.806916	27030.42
8.02	4.801392	1.884125	27075.96
8.04	4.791133	1.850668	27121.32
8.06	4.800603	1.84981	27167.94
8.08	4.799814	1.775174	27212.58
8.1	4.79429	1.677376	27258.84
8.12	4.79429	1.792332	27304.92
8.14	4.802181	1.781179	27350.46
8.16	4.801392	1.828363	27396.54
8.18	4.802181	1.884983	27440.64
8.2	4.804549	1.784611	27486
8.22	4.800603	1.824073	27532.26
8.24	4.801392	1.70397	27577.98
8.26	4.800603	1.84981	27625.14
8.28	4.799814	1.792332	27669.96
8.3	4.799814	1.778606	27715.5
8.32	4.804549	1.854099	27760.14
8.34	4.80297	1.871257	27805.5
8.36	4.801392	1.919298	27854.46
8.38	4.800603	1.803484	27896.4
8.4	4.799025	1.697107	27942.48
